proof,compressed?,length,resOnlyLength,compressedLengthAll,compressedLengthResOnly,compressTime,compressRatio,compressSpeed,compressRatioRes,compressSpeedRes,numFOSub,totalTime
\SYN\SYN079-1.spass,0,7,3,7,3,23554407,0.0,0.0,0.0,0.0,0,170128364
\SYN\SYN064-1.spass,0,3,1,3,1,495816,0.0,0.0,0.0,0.0,0,10613457
\KRS\KRS017-1.spass,0,9,4,9,4,40861377,0.0,0.0,0.0,0.0,0,32266316
\SYN\SYN665-1.spass,0,14,7,14,7,12823706,0.0,0.0,0.0,0.0,0,34821584
\GRP\GRP028-4.spass,0,8,4,8,4,12285652,0.0,0.0,0.0,0.0,0,148850525
\CSR\CSR070+1.spass,0,17,8,17,8,2554478,0.0,0.0,0.0,0.0,0,20458322
\SYN\SYN678-1.spass,0,14,7,14,7,3766384,0.0,0.0,0.0,0.0,0,27944508
\SYN\SYN663-1.spass,0,14,7,14,7,4404707,0.0,0.0,0.0,0.0,0,15980584
\MGT\MGT008-1.spass,0,37,20,37,20,1458926046,-0.02702702702702703,-6.854357030239763E-10,0.0,0.0,0,440985095
\SET\SET913+1.spass,0,5,2,5,2,341465,0.0,0.0,0.0,0.0,0,3139509
\SYN\SYN620-1.spass,0,15,7,15,7,1653246,0.0,0.0,0.0,0.0,0,13475451
\SWV\SWV267-2.spass,0,7,3,7,3,1729434,0.0,0.0,0.0,0.0,0,6402576
\SYN\SYN730+1.spass,0,4,2,4,2,1103743,0.0,0.0,0.0,0.0,0,2875415
\SET\SET842-2.spass,0,15,6,15,6,1539950,0.0,0.0,0.0,0.0,0,14442608
\SWV\SWV265-2.spass,0,5,2,5,2,284620,0.0,0.0,0.0,0.0,0,2222092
\SYN\SYN333-1.spass,0,9,6,9,6,1464157,0.0,0.0,0.0,0.0,0,7942526
\MGT\MGT036-2.spass,0,26,15,26,15,13349919,0.0,0.0,0.0,0.0,0,16882605
\MGT\MGT007-1.spass,0,49,27,49,27,1384865934,0.0,0.0,0.0,0.0,0,1459801619
\SYN\SYN662-1.spass,0,14,7,14,7,2623165,0.0,0.0,0.0,0.0,0,9144169
\SYN\SYN675-1.spass,0,14,7,14,7,2484606,0.0,0.0,0.0,0.0,0,9483660
\SYN\SYN660-1.spass,0,14,7,14,7,2370915,0.0,0.0,0.0,0.0,0,9262597
\SWB\SWB019+2.spass,0,7,3,7,3,1074531,0.0,0.0,0.0,0.0,0,4705118
\CSR\CSR052+1.spass,0,25,15,25,15,4566952,0.0,0.0,0.0,0.0,0,13049113
\SWV\SWV292-2.spass,0,34,18,34,18,13889158,0.0,0.0,0.0,0.0,0,32668970
\SWV\SWV290-2.spass,0,21,11,21,11,17456584,0.0,0.0,0.0,0.0,0,31384428
\SYN\SYN706-1.spass,0,18,8,18,8,2340519,0.0,0.0,0.0,0.0,0,17962269
\SYN\SYN719-1.spass,0,17,8,17,8,1615349,0.0,0.0,0.0,0.0,0,9860259
\PUZ\PUZ008-1.spass,0,5,2,5,2,348966,0.0,0.0,0.0,0.0,0,2554873
\SWV\SWV349-2.spass,0,3,1,3,1,224222,0.0,0.0,0.0,0.0,0,1375336
\SWV\SWV308-2.spass,0,40,21,40,21,18843762,0.0,0.0,0.0,0.0,0,32438036
\SYN\SYN731-1.spass,0,3,1,3,1,208826,0.0,0.0,0.0,0.0,0,1080057
\SWV\SWV331-2.spass,0,12,6,12,6,3186090,0.0,0.0,0.0,0.0,0,6969449
\SET\SET852-2.spass,0,13,5,13,5,1854967,0.0,0.0,0.0,0.0,0,19826710
\SYN\SYN345-1.spass,0,20,7,20,7,6989976,0.0,0.0,0.0,0.0,0,11901552
\SET\SET826-2.spass,0,7,3,7,3,754382,0.0,0.0,0.0,0.0,0,2582900
\SET\SET824-2.spass,0,4,2,4,2,405022,0.0,0.0,0.0,0.0,0,1462972
\SYN\SYN343-1.spass,0,5,1,5,1,103426,0.0,0.0,0.0,0.0,0,1256514
\SWV\SWV247-2.spass,0,38,26,38,26,19571696,0.0,0.0,0.0,0.0,0,21427058
\PLA\PLA003-1.spass,0,15,7,15,7,1022029,0.0,0.0,0.0,0.0,0,6168485
\SYN\SYN687-1.spass,0,14,6,14,6,23660992,0.0,0.0,0.0,0.0,0,17177885
\SYN\SYN685-1.spass,0,14,7,14,7,1802465,0.0,0.0,0.0,0.0,0,6381654
\SYN\SYN657-1.spass,0,18,9,18,9,7459343,0.0,0.0,0.0,0.0,0,7522504
\SWV\SWV330-2.spass,0,3,1,3,1,142113,0.0,0.0,0.0,0.0,0,965577
\LCL\LCL447-2.spass,0,7,3,7,3,637139,0.0,0.0,0.0,0.0,0,2342493
\SWV\SWV289-2.spass,0,18,8,18,8,3009238,0.0,0.0,0.0,0.0,0,17387895
\SWV\SWV287-2.spass,0,18,8,18,8,2408417,0.0,0.0,0.0,0.0,0,10213963
\SYN\SYN084-2.spass,0,40,22,40,22,7029057,0.0,0.0,0.0,0.0,0,8984687
\SWV\SWV246-2.spass,0,19,11,19,11,5491475,0.0,0.0,0.0,0.0,0,6551401
\COL\COL119-2.spass,0,5,2,5,2,262119,0.0,0.0,0.0,0.0,0,1844308
\SWV\SWV259-2.spass,0,9,4,9,4,428707,0.0,0.0,0.0,0.0,0,2708828
\SWV\SWV244-2.spass,0,13,7,13,7,1963131,0.0,0.0,0.0,0.0,0,3349520
\SYN\SYN684-1.spass,0,14,7,14,7,1387179,0.0,0.0,0.0,0.0,0,4426024
\SYN\SYN682-1.spass,0,14,7,14,7,2220117,0.0,0.0,0.0,0.0,0,5404234
\SET\SET589+3.spass,0,11,5,11,5,3066873,0.0,0.0,0.0,0.0,0,5390417
\SYN\SYN585-1.spass,0,13,6,13,6,682142,0.0,0.0,0.0,0.0,0,9125221
\SYN\SYN583-1.spass,0,18,9,18,9,4166274,0.0,0.0,0.0,0.0,0,4721303
\SWV\SWV271-2.spass,0,18,9,18,9,1909838,0.0,0.0,0.0,0.0,0,5154747
\GRP\GRP003-1.spass,0,15,10,15,10,34148916,0.0,0.0,0.0,0.0,0,24305236
\SYN\SYN555-1.spass,0,11,5,11,5,792278,0.0,0.0,0.0,0.0,0,3790069
\COL\COL101-2.spass,0,3,1,3,1,181193,0.0,0.0,0.0,0.0,0,1386390
\GRP\GRP031-2.spass,0,12,7,12,7,44717371,0.0,0.0,0.0,0.0,0,22548564
\SYN\SYN582-1.spass,0,15,7,15,7,937154,0.0,0.0,0.0,0.0,0,3559136
\MGT\MGT036+2.spass,1,36,23,36,22,9977897,0.0,0.0,0.027777777777777776,1.0022151962482676E-7,0,10834522
\RNG\RNG039-2.spass,0,36,20,36,20,8124509,0.0,0.0,0.0,0.0,0,8889551
\LAT\LAT273-2.spass,0,16,9,16,9,4555110,0.0,0.0,0.0,0.0,0,5533714
\SYN\SYN669-1.spass,0,14,7,14,7,1291648,0.0,0.0,0.0,0.0,0,3537820
\SYN\SYN667-1.spass,0,14,7,14,7,1276647,0.0,0.0,0.0,0.0,0,4298517
\SWV\SWV355-2.spass,0,15,8,15,8,1573505,0.0,0.0,0.0,0.0,0,4129956
\CSR\CSR046+1.spass,0,3,1,3,1,58819,0.0,0.0,0.0,0.0,0,619375
\SEU\SEU163+1.spass,0,5,2,5,2,127506,0.0,0.0,0.0,0.0,0,866494
\SWV\SWV312-2.spass,0,5,2,5,2,539239,0.0,0.0,0.0,0.0,0,2707644
\SET\SET833-2.spass,0,7,3,7,3,372651,0.0,0.0,0.0,0.0,0,2220907
\SWV\SWV310-2.spass,0,5,2,5,2,442918,0.0,0.0,0.0,0.0,0,4348652
\SET\SET846-2.spass,0,9,4,9,4,848729,0.0,0.0,0.0,0.0,0,2373283
\SYN\SYN339-1.spass,0,3,1,3,1,74609,0.0,0.0,0.0,0.0,0,688458
\LCL\LCL429-2.spass,0,17,9,17,9,5161852,0.0,0.0,0.0,0.0,0,9659723
\SWV\SWV011-1.spass,0,5,2,5,2,138560,0.0,0.0,0.0,0.0,0,1124270
\LAT\LAT272-2.spass,0,7,3,7,3,283041,0.0,0.0,0.0,0.0,0,1548240
\LAT\LAT270-2.spass,0,9,4,9,4,417258,0.0,0.0,0.0,0.0,0,1959578
\SYN\SYN666-1.spass,0,14,7,14,7,1496132,0.0,0.0,0.0,0.0,0,3559925
\SYN\SYN679-1.spass,0,14,7,14,7,1299543,0.0,0.0,0.0,0.0,0,4582743
\SYN\SYN664-1.spass,0,14,7,14,7,1316912,0.0,0.0,0.0,0.0,0,3572557
\CSR\CSR058+1.spass,0,5,2,5,2,132244,0.0,0.0,0.0,0.0,0,1061503
\SYN\SYN636-1.spass,0,23,14,23,14,17522903,0.0,0.0,0.0,0.0,0,14020612
\SYN\SYN621-1.spass,0,12,5,12,5,1306254,0.0,0.0,0.0,0.0,0,5708592
\SET\SET830-2.spass,0,23,11,23,11,2380390,0.0,0.0,0.0,0.0,0,9078245
\SYN\SYN336-1.spass,0,3,1,3,1,75794,0.0,0.0,0.0,0.0,0,705432
\SYN\SYN066-1.spass,0,8,4,8,4,1270725,0.0,0.0,0.0,0.0,0,2325518
\MGT\MGT036-1.spass,0,26,15,26,15,11159013,0.0,0.0,0.0,0.0,0,13315969
\MGT\MGT006-1.spass,0,45,26,45,26,855634714,0.0,0.0,0.0,0.0,0,952776706
\LCL\LCL440-2.spass,0,3,1,3,1,179614,0.0,0.0,0.0,0.0,0,1198485
\SWV\SWV293-2.spass,0,20,11,20,11,5386075,0.0,0.0,0.0,0.0,0,8321889
\SYN\SYN562-1.spass,0,12,6,12,6,3801123,0.0,0.0,0.0,0.0,0,4707487
\COL\COL110-2.spass,0,18,8,18,8,4036399,0.0,0.0,0.0,0.0,0,16322839
\COL\COL123-2.spass,0,19,8,19,8,2675668,0.0,0.0,0.0,0.0,0,15800180
\COM\COM001-1.spass,0,13,6,13,6,466209,0.0,0.0,0.0,0.0,0,2995028
\SEU\SEU158+3.spass,0,9,3,9,3,176457,0.0,0.0,0.0,0.0,0,1864441
\SWV\SWV309-2.spass,0,5,2,5,2,353703,0.0,0.0,0.0,0.0,0,3170300
\ANA\ANA041-2.spass,0,3,1,3,1,65530,0.0,0.0,0.0,0.0,0,588583
\SYN\SYN561-1.spass,0,20,12,20,12,27875426,0.0,0.0,0.0,0.0,0,5581874
\SET\SET828-2.spass,0,7,3,7,3,191852,0.0,0.0,0.0,0.0,0,1421918
\MSC\MSC005-1.spass,0,14,6,14,6,849518,0.0,0.0,0.0,0.0,0,3162405
\MSC\MSC003-1.spass,0,15,7,15,7,2702512,0.0,0.0,0.0,0.0,0,3536240
\SYN\SYN006-1.spass,0,13,6,13,6,638324,0.0,0.0,0.0,0.0,0,3049109
\SYN\SYN648-1.spass,0,15,7,15,7,2285253,0.0,0.0,0.0,0.0,0,15367525
\SWV\SWV336-2.spass,0,3,1,3,1,151587,0.0,0.0,0.0,0.0,0,1267567
\SWV\SWV334-2.spass,0,3,1,3,1,97900,0.0,0.0,0.0,0.0,0,851888
\SYN\SYN618-1.spass,0,23,12,23,12,4875654,0.0,0.0,0.0,0.0,0,6716803
\SET\SET827-2.spass,0,7,3,7,3,333175,0.0,0.0,0.0,0.0,0,2597506
\SET\SET009+3.spass,0,25,13,25,13,5026056,0.0,0.0,0.0,0.0,0,15303969
\LCL\LCL437-2.spass,0,5,2,5,2,628060,0.0,0.0,0.0,0.0,0,3298596
\SWV\SWV333-2.spass,0,3,1,3,1,164614,0.0,0.0,0.0,0.0,0,3748225
\SET\SET055-6.spass,0,9,3,9,3,373440,0.0,0.0,0.0,0.0,0,3120166
\SYN\SYN589-1.spass,0,7,3,7,3,4293780,0.0,0.0,0.0,0.0,0,5961632
\LCL\LCL435-2.spass,0,5,2,5,2,776488,0.0,0.0,0.0,0.0,0,4064821
\SYN\SYN559-1.spass,0,20,12,20,12,47502782,0.0,0.0,0.0,0.0,0,16952477
\TOP\TOP002-2.spass,0,5,2,5,2,135797,0.0,0.0,0.0,0.0,0,1120718
\SYN\SYN073-1.spass,0,4,2,4,2,2678432,0.0,0.0,0.0,0.0,0,1419550
\SWV\SWV273-2.spass,0,11,5,11,5,1192958,0.0,0.0,0.0,0.0,0,4486817
\SWV\SWV288-2.spass,0,17,8,17,8,2221696,0.0,0.0,0.0,0.0,0,11348102
\COL\COL105-2.spass,0,5,2,5,2,562530,0.0,0.0,0.0,0.0,0,2668563
\SWV\SWV245-2.spass,0,19,11,19,11,5300413,0.0,0.0,0.0,0.0,0,9911578
\MGT\MGT017-1.spass,1,42,23,41,21,1458813539,0.023809523809523808,6.85488565375866E-10,0.047619047619047616,1.370977130751732E-9,0,348181883
\MGT\MGT015-1.spass,1,42,23,41,21,1500221656,0.023809523809523808,6.665681674441847E-10,0.047619047619047616,1.3331363348883694E-9,0,339648799
\SYN\SYN670-1.spass,0,14,7,14,7,1315728,0.0,0.0,0.0,0.0,0,4875653
\SWB\SWB012+2.spass,0,41,22,41,22,163005354,0.0,0.0,0.0,0.0,0,127361095
\SYN\SYN586-1.spass,0,14,7,14,7,1636665,0.0,0.0,0.0,0.0,0,3851257
\LCL\LCL432-2.spass,0,5,2,5,2,190669,0.0,0.0,0.0,0.0,0,1691537
\TOP\TOP001-2.spass,0,33,16,33,16,4791175,0.0,0.0,0.0,0.0,0,14037192
\SWV\SWV272-2.spass,0,18,9,18,9,2142745,0.0,0.0,0.0,0.0,0,8195961
\GRP\GRP004-1.spass,0,12,7,12,7,28992195,0.0,0.0,0.0,0.0,0,39668814
\COL\COL104-2.spass,0,11,5,11,5,811227,0.0,0.0,0.0,0.0,0,8724542
\SWV\SWV011+1.spass,0,5,2,5,2,123165,0.0,0.0,0.0,0.0,0,911495
\SEU\SEU167+3.spass,0,11,5,11,5,434628,0.0,0.0,0.0,0.0,0,2574215
\SEU\SEU167+1.spass,0,11,5,11,5,751224,0.0,0.0,0.0,0.0,0,3168326
\SWV\SWV357-2.spass,0,9,4,9,4,386073,0.0,0.0,0.0,0.0,0,3632166
\SWV\SWV329-2.spass,0,20,10,20,10,3716250,0.0,0.0,0.0,0.0,0,6425472
\SWV\SWV314-2.spass,0,13,6,13,6,977026,0.0,0.0,0.0,0.0,0,6574296
\SYN\SYN581-1.spass,0,18,9,18,9,3838625,0.0,0.0,0.0,0.0,0,4011923
\GEO\GEO002-4.spass,0,23,14,23,14,22110778,0.0,0.0,0.0,0.0,0,17826471
\MGT\MGT036+1.spass,0,34,21,34,21,9680645,0.0,0.0,0.0,0.0,0,12963846
\SWV\SWV358-2.spass,0,15,8,15,8,1502053,0.0,0.0,0.0,0.0,0,3999291
\SWV\SWV356-2.spass,0,7,3,7,3,273172,0.0,0.0,0.0,0.0,0,1695090
\SWV\SWV315-2.spass,0,24,10,24,10,1509159,0.0,0.0,0.0,0.0,0,7017609
\SWV\SWV300-2.spass,0,29,15,29,15,5371864,0.0,0.0,0.0,0.0,0,9720121
\SWV\SWV328-2.spass,1,16,8,17,7,3951130,-0.0625,-2.5309215338396864E-7,0.0625,2.5309215338396864E-7,1,5160668
\SWV\SWV313-2.spass,0,15,7,15,7,2316438,0.0,0.0,0.0,0.0,0,9258649
\SET\SET819-2.spass,0,3,1,3,1,108164,0.0,0.0,0.0,0.0,0,983341
\SYN\SYN710-1.spass,0,16,7,16,7,1959578,0.0,0.0,0.0,0.0,0,8670065
\SET\SET915+1.spass,0,5,2,5,2,203301,0.0,0.0,0.0,0.0,0,1396258
\CSR\CSR072+1.spass,0,3,1,3,1,116453,0.0,0.0,0.0,0.0,0,1007817
\LCL\LCL442-2.spass,0,32,16,32,16,6087560,0.0,0.0,0.0,0.0,0,22835948
\SYN\SYN622-1.spass,0,14,7,14,7,1163746,0.0,0.0,0.0,0.0,0,11016505
\SWV\SWV299-2.spass,0,23,15,23,15,5638326,0.0,0.0,0.0,0.0,0,10032374
\SYN\SYN352-1.spass,0,17,8,17,8,993605,0.0,0.0,0.0,0.0,0,11005847
\ANA\ANA003-4.spass,0,29,12,29,12,4405891,0.0,0.0,0.0,0.0,0,10753991
\SYN\SYN568-1.spass,0,13,6,13,6,1247040,0.0,0.0,0.0,0.0,0,4047452
\SWV\SWV269-2.spass,0,5,2,5,2,165403,0.0,0.0,0.0,0.0,0,1086374
\COL\COL114-2.spass,0,5,2,5,2,220275,0.0,0.0,0.0,0.0,0,1363099
\SYN\SYN065-1.spass,0,7,3,7,3,225802,0.0,0.0,0.0,0.0,0,1221775
\MGT\MGT009-1.spass,0,37,19,37,19,1305702790,0.0,0.0,0.0,0.0,0,164454116
\GRP\GRP028-3.spass,0,8,4,8,4,1665483,0.0,0.0,0.0,0.0,0,12430922
\LCL\LCL441-2.spass,0,7,4,7,4,880705,0.0,0.0,0.0,0.0,0,2711196
\COL\COL113-2.spass,0,3,1,3,1,85268,0.0,0.0,0.0,0.0,0,832939
\SWV\SWV266-2.spass,0,5,2,5,2,139744,0.0,0.0,0.0,0.0,0,1051240
\COL\COL111-2.spass,0,5,2,5,2,302384,0.0,0.0,0.0,0.0,0,1391916
\SET\SET786-1.spass,0,11,5,11,5,4921445,0.0,0.0,0.0,0.0,0,3988238
\COM\COM002-1.spass,0,19,10,19,10,1494553,0.0,0.0,0.0,0.0,0,5532925
\ANA\ANA042-2.spass,0,3,1,3,1,101453,0.0,0.0,0.0,0.0,0,859387
\MSC\MSC004-1.spass,0,20,10,20,10,5032767,0.0,0.0,0.0,0.0,0,6276254
\SWV\SWV009-1.spass,0,21,13,21,13,3081085,0.0,0.0,0.0,0.0,0,3785333
\SYN\SYN370+1.spass,0,4,2,4,2,519501,0.0,0.0,0.0,0.0,0,1054004
\SWV\SWV337-2.spass,0,23,13,23,13,4509713,0.0,0.0,0.0,0.0,0,8035295
\SEU\SEU158+1.spass,0,9,3,9,3,180010,0.0,0.0,0.0,0.0,0,1481526
\SWV\SWV335-2.spass,1,18,9,19,8,4577611,-0.05555555555555555,-2.184545606867862E-7,0.05555555555555555,2.184545606867862E-7,1,5822677
\SYN\SYN619-1.spass,0,24,12,24,12,3496370,0.0,0.0,0.0,0.0,0,6365864
\SWV\SWV279-2.spass,0,19,11,19,11,2438418,0.0,0.0,0.0,0.0,0,5792281
\COL\COL109-2.spass,0,14,7,14,7,2675669,0.0,0.0,0.0,0.0,0,6434947
\SYN\SYN034-1.spass,0,11,5,11,5,4669985,0.0,0.0,0.0,0.0,0,3244514
\SYN\SYN676-1.spass,0,14,7,14,7,1283753,0.0,0.0,0.0,0.0,0,3274516
\SYN\SYN661-1.spass,0,14,7,14,7,1209144,0.0,0.0,0.0,0.0,0,3240567
\SYN\SYN674-1.spass,0,14,7,14,7,1166114,0.0,0.0,0.0,0.0,0,4022977
\PUZ\PUZ035-7.spass,0,28,19,28,19,9754859,0.0,0.0,0.0,0.0,0,10333969
\SET\SET055-7.spass,0,6,2,6,2,178826,0.0,0.0,0.0,0.0,0,1038213
\LCL\LCL438-2.spass,0,10,5,10,5,1599558,0.0,0.0,0.0,0.0,0,10519110
\SYN\SYN346-1.spass,0,4,2,4,2,617006,0.0,0.0,0.0,0.0,0,1005448
\SWV\SWV263-2.spass,0,9,4,9,4,235670,0.0,0.0,0.0,0.0,0,1578241
\PUZ\PUZ047+1.spass,0,16,8,16,8,1895232,0.0,0.0,0.0,0.0,0,4159957
\SYN\SYN031-1.spass,1,8,4,8,3,2336176,0.0,0.0,0.125,4.28049941442768E-7,0,1942208
\MGT\MGT018-1.spass,1,40,21,40,20,413587326,0.0,0.0,0.025,2.417869062070824E-9,0,249695741
\MGT\MGT016-1.spass,1,40,21,40,20,413286126,0.0,0.0,0.025,2.4196311879097534E-9,0,214390974
\SYN\SYN671-1.spass,0,14,7,14,7,1252171,0.0,0.0,0.0,0.0,0,4985791
\SYN\SYN630-1.spass,0,11,5,11,5,1027554,0.0,0.0,0.0,0.0,0,4478922
\CSR\CSR050+1.spass,0,26,14,26,14,1847466,0.0,0.0,0.0,0.0,0,9339180
\PUZ\PUZ035-6.spass,0,9,6,9,6,388442,0.0,0.0,0.0,0.0,0,2195248
\SYN\SYN587-1.spass,0,16,8,16,8,1025186,0.0,0.0,0.0,0.0,0,3944815
\COL\COL120-2.spass,0,5,2,5,2,404232,0.0,0.0,0.0,0.0,0,1369020
\SYN\SYN570-1.spass,0,22,11,22,11,1479553,0.0,0.0,0.0,0.0,0,4185617
\SYN\SYN717-1.spass,0,16,8,16,8,3258726,0.0,0.0,0.0,0.0,0,4264569
\PUZ\PUZ047-1.spass,0,16,8,16,8,1772857,0.0,0.0,0.0,0.0,0,3329782
\SET\SET590+3.spass,0,8,3,8,3,238434,0.0,0.0,0.0,0.0,0,2727776
\SYN\SYN082+1.spass,0,9,4,9,4,1453498,0.0,0.0,0.0,0.0,0,1496922
\SYN\SYN571-1.spass,0,16,8,16,8,2978447,0.0,0.0,0.0,0.0,0,3823624
\GRP\GRP001+6.spass,0,26,16,26,16,32544226,0.0,0.0,0.0,0.0,0,33461248
\SYN\SYN727-1.spass,0,5,2,5,2,101848,0.0,0.0,0.0,0.0,0,941892
\SYN\SYN656-1.spass,0,19,10,19,10,3574927,0.0,0.0,0.0,0.0,0,6206382
\CSR\CSR035+1.spass,0,5,2,5,2,118428,0.0,0.0,0.0,0.0,0,924523
\SYN\SYN613-1.spass,0,20,11,20,11,1189010,0.0,0.0,0.0,0.0,0,4183642
\SYN\SYN626-1.spass,0,16,8,16,8,2541056,0.0,0.0,0.0,0.0,0,3839808
\TOP\TOP022+1.spass,0,13,6,13,6,566872,0.0,0.0,0.0,0.0,0,3009633
\SET\SET835-2.spass,0,7,3,7,3,182773,0.0,0.0,0.0,0.0,0,1283753
\SWV\SWV258-2.spass,0,11,5,11,5,482394,0.0,0.0,0.0,0.0,0,2466052
\SYN\SYN014-2.spass,0,10,5,10,5,321333,0.0,0.0,0.0,0.0,0,1813517
\SET\SET631+3.spass,0,12,6,12,6,1840756,0.0,0.0,0.0,0.0,0,2515396
\SYN\SYN655-1.spass,0,17,9,17,9,2687511,0.0,0.0,0.0,0.0,0,15964794
\SYN\SYN668-1.spass,0,14,7,14,7,1221381,0.0,0.0,0.0,0.0,0,3259910
\SYN\SYN653-1.spass,0,18,9,18,9,5754384,0.0,0.0,0.0,0.0,0,19637225
\SWV\SWV341-2.spass,0,7,3,7,3,220670,0.0,0.0,0.0,0.0,0,1489421
\SYN\SYN340-1.spass,0,3,1,3,1,82899,0.0,0.0,0.0,0.0,0,723196
\TOP\TOP021+1.spass,0,9,4,9,4,444498,0.0,0.0,0.0,0.0,0,2903049
\SET\SET834-2.spass,0,23,11,23,11,3358599,0.0,0.0,0.0,0.0,0,7882129
\SYN\SYN312-1.spass,0,21,13,21,13,2718697,0.0,0.0,0.0,0.0,0,3892312
\COL\COL117-2.spass,0,14,7,14,7,2802386,0.0,0.0,0.0,0.0,0,9878813
\SWV\SWV257-2.spass,0,5,2,5,2,264882,0.0,0.0,0.0,0.0,0,1190589
\SYN\SYN310-1.spass,0,19,13,19,13,1793384,0.0,0.0,0.0,0.0,0,4054952
\SWV\SWV255-2.spass,0,12,6,12,6,767804,0.0,0.0,0.0,0.0,0,3630587
\SET\SET832-2.spass,0,7,3,7,3,227775,0.0,0.0,0.0,0.0,0,1586532
\SYN\SYN325-1.spass,0,6,3,6,3,981763,0.0,0.0,0.0,0.0,0,1412048
\SWB\SWB024+2.spass,0,24,12,24,12,1552977,0.0,0.0,0.0,0.0,0,6828915
\SYN\SYN680-1.spass,0,14,7,14,7,1954841,0.0,0.0,0.0,0.0,0,6618114
\SYN\SYN596-1.spass,0,13,6,13,6,1063083,0.0,0.0,0.0,0.0,0,4966052
\SYN\SYN594-1.spass,0,23,12,23,12,4461947,0.0,0.0,0.0,0.0,0,13581246
\SYN\SYN079+1.spass,0,7,3,7,3,301200,0.0,0.0,0.0,0.0,0,1658377
\SYN\SYN566-1.spass,0,32,18,32,18,4940788,0.0,0.0,0.0,0.0,0,8325441
\GRP\GRP012+5.spass,0,21,13,21,13,18674807,0.0,0.0,0.0,0.0,0,28537434
\SWV\SWV280-2.spass,0,5,2,5,2,161456,0.0,0.0,0.0,0.0,0,1253751
\SET\SET046-5.spass,0,11,5,11,5,3157273,0.0,0.0,0.0,0.0,0,2845019
\COL\COL112-2.spass,0,5,2,5,2,571214,0.0,0.0,0.0,0.0,0,2175905
\COM\COM002-2.spass,0,21,12,21,12,1629954,0.0,0.0,0.0,0.0,0,6136904
\SET\SET899+1.spass,0,7,3,7,3,177246,0.0,0.0,0.0,0.0,0,1150719
\SYN\SYN593-1.spass,0,13,6,13,6,1252961,0.0,0.0,0.0,0.0,0,5031582
\LAT\LAT271-2.spass,0,7,3,7,3,321333,0.0,0.0,0.0,0.0,0,1837992
\SWV\SWV364-2.spass,0,9,4,9,4,363966,0.0,0.0,0.0,0.0,0,2216170
\SWV\SWV323-2.spass,0,37,17,37,17,3178194,0.0,0.0,0.0,0.0,0,12272230
\SET\SET859-2.spass,0,7,3,7,3,335149,0.0,0.0,0.0,0.0,0,1644166
\SWV\SWV321-2.spass,0,24,10,24,10,1510343,0.0,0.0,0.0,0.0,0,6959579
\SET\SET829-2.spass,0,7,3,7,3,205668,0.0,0.0,0.0,0.0,0,1702985
\SWV\SWV239-2.spass,0,12,5,12,5,1172825,0.0,0.0,0.0,0.0,0,3743882
\SYN\SYN035-1.spass,0,9,6,9,6,825834,0.0,0.0,0.0,0.0,0,3395312
\SYN\SYN048-1.spass,0,3,1,3,1,70267,0.0,0.0,0.0,0.0,0,932418
\SYN\SYN677-1.spass,0,14,7,14,7,1244671,0.0,0.0,0.0,0.0,0,3342809
\CSR\CSR054+1.spass,0,5,2,5,2,149613,0.0,0.0,0.0,0.0,0,1709301
\SYN\SYN632-1.spass,0,24,13,24,13,10968345,0.0,0.0,0.0,0.0,0,22498430
\LCL\LCL439-2.spass,0,13,6,13,6,1510343,0.0,0.0,0.0,0.0,0,6391918
\SWV\SWV320-2.spass,0,7,3,7,3,242776,0.0,0.0,0.0,0.0,0,1754699
\SYN\SYN604-1.spass,0,26,15,26,15,7925551,0.0,0.0,0.0,0.0,0,10246728
\COL\COL124-2.spass,0,6,2,6,2,339886,0.0,0.0,0.0,0.0,0,4462342
\SWV\SWV264-2.spass,0,5,2,5,2,118032,0.0,0.0,0.0,0.0,0,977815
\COL\COL122-2.spass,0,5,2,5,2,250277,0.0,0.0,0.0,0.0,0,1158219
\TOP\TOP004-2.spass,0,3,1,3,1,56451,0.0,0.0,0.0,0.0,0,521870
\SWV\SWV277-2.spass,0,9,4,9,4,489105,0.0,0.0,0.0,0.0,0,1767726
\PUZ\PUZ008-3.spass,0,49,31,49,31,10886629,0.0,0.0,0.0,0.0,0,67968604
\MGT\MGT004-1.spass,0,47,29,47,29,1389491311,0.0,0.0,0.0,0.0,0,1462637953
\SWB\SWB003+2.spass,0,3,1,3,1,65925,0.0,0.0,0.0,0.0,0,1186248
\MGT\MGT002-1.spass,1,31,17,31,16,72458974,0.0,0.0,0.03225806451612903,1.3800913051846415E-8,0,66813938
\SWV\SWV291-2.spass,0,23,11,23,11,2177878,0.0,0.0,0.0,0.0,0,9452080
\PUZ\PUZ035-5.spass,0,9,6,9,6,400285,0.0,0.0,0.0,0.0,0,2043266
\SYN\SYN588-1.spass,0,7,3,7,3,1024791,0.0,0.0,0.0,0.0,0,2721854
\SWB\SWB030+2.spass,0,22,12,22,12,3479001,0.0,0.0,0.0,0.0,0,5369890
\MGT\MGT003-1.spass,1,31,17,31,16,76424711,0.0,0.0,0.03225806451612903,1.3084773065088855E-8,0,75506109
\COM\COM011-2.spass,0,27,15,27,15,6449947,0.0,0.0,0.0,0.0,0,11714832
\SWV\SWV305-2.spass,0,30,16,30,16,7269069,0.0,0.0,0.0,0.0,0,12659487
\SET\SET836-2.spass,0,7,3,7,3,185141,0.0,0.0,0.0,0.0,0,1547845
\SYN\SYN654-1.spass,0,17,9,17,9,2503949,0.0,0.0,0.0,0.0,0,14214833
\LCL\LCL433-2.spass,0,15,7,15,7,1163351,0.0,0.0,0.0,0.0,0,7043664
\SET\SET850-2.spass,0,7,3,7,3,401073,0.0,0.0,0.0,0.0,0,1939050
\CAT\CAT007-3.spass,0,7,3,7,3,188695,0.0,0.0,0.0,0.0,0,1289279
\SYN\SYN557-1.spass,0,16,9,16,9,1864046,0.0,0.0,0.0,0.0,0,4321809
\SYN\SYN341-1.spass,0,3,1,3,1,74609,0.0,0.0,0.0,0.0,0,616217
\SWV\SWV286-2.spass,0,16,7,16,7,1875100,0.0,0.0,0.0,0.0,0,7358680
\SYN\SYN354-1.spass,1,14,7,15,6,3062136,-0.07142857142857142,-3.2656942735397775E-7,0.07142857142857142,3.2656942735397775E-7,1,2753830
\COL\COL118-2.spass,0,9,4,9,4,960445,0.0,0.0,0.0,0.0,0,4529845
\SWV\SWV284-2.spass,0,12,6,12,6,747277,0.0,0.0,0.0,0.0,0,3462815
\COL\COL103-2.spass,0,3,1,3,1,100268,0.0,0.0,0.0,0.0,0,763856
\SYN\SYN311-1.spass,0,19,13,19,13,4271673,0.0,0.0,0.0,0.0,0,4022581
\SWV\SWV256-2.spass,0,5,2,5,2,160272,0.0,0.0,0.0,0.0,0,1036239
\SYN\SYN082-1.spass,0,15,5,15,5,513580,0.0,0.0,0.0,0.0,0,4590638
\COL\COL116-2.spass,0,3,1,3,1,84479,0.0,0.0,0.0,0.0,0,760303
\SYN\SYN683-1.spass,0,14,7,14,7,1186247,0.0,0.0,0.0,0.0,0,3128850
\SYN\SYN681-1.spass,0,14,7,14,7,1332702,0.0,0.0,0.0,0.0,0,3151746
\SET\SET588+3.spass,0,22,11,22,11,1728250,0.0,0.0,0.0,0.0,0,9088508
\LCL\LCL445-2.spass,0,13,7,13,7,2004580,0.0,0.0,0.0,0.0,0,9407867
\LCL\LCL430-2.spass,0,17,9,17,9,3780201,0.0,0.0,0.0,0.0,0,9137063
\LCL\LCL443-2.spass,0,17,9,17,9,1486263,0.0,0.0,0.0,0.0,0,7456580
\ANA\ANA004-4.spass,0,31,13,31,13,2769621,0.0,0.0,0.0,0.0,0,11378893
\SYN\SYN569-1.spass,0,31,20,31,20,85655726,0.0,0.0,0.0,0.0,0,73218883
\SYN\SYN554-1.spass,0,21,13,21,13,36656418,0.0,0.0,0.0,0.0,0,5869653
\SWV\SWV283-2.spass,0,14,6,14,6,1171246,0.0,0.0,0.0,0.0,0,5635956
\COL\COL102-2.spass,0,11,5,11,5,788726,0.0,0.0,0.0,0.0,0,6230857
\SWV\SWV242-2.spass,0,15,8,15,8,2578163,0.0,0.0,0.0,0.0,0,4709855
\COL\COL115-2.spass,0,5,2,5,2,333965,0.0,0.0,0.0,0.0,0,2272226
\SWV\SWV270-2.spass,0,18,9,18,9,2051556,0.0,0.0,0.0,0.0,0,4998423
\SWV\SWV240-2.spass,0,12,5,12,5,1400996,0.0,0.0,0.0,0.0,0,6088743
\SEU\SEU264+1.spass,0,12,6,12,6,2270647,0.0,0.0,0.0,0.0,0,3872574
\SEU\SEU163+3.spass,0,5,2,5,2,181983,0.0,0.0,0.0,0.0,0,1396259
\SET\SET818-2.spass,0,3,1,3,1,101058,0.0,0.0,0.0,0.0,0,954919
\RNG\RNG038-2.spass,0,12,6,12,6,2918839,0.0,0.0,0.0,0.0,0,4395233
\SYN\SYN338-1.spass,0,3,1,3,1,83294,0.0,0.0,0.0,0.0,0,813991
