proof,compressed?,length,resOnlyLength,compressedLengthAll,compressedLengthResOnly,compressTime,compressRatio,compressSpeed,compressRatioRes,compressSpeedRes,numFOSub,totalTime
\SYN\SYN079-1.spass,0,7,3,7,3,21198098,0.0,0.0,0.0,0.0,0,244354273
\SYN\SYN064-1.spass,0,3,1,3,1,323701,0.0,0.0,0.0,0.0,0,8621115
\KRS\KRS017-1.spass,1,9,4,11,3,38205052,-0.2222222222222222,-5.2349097705717036E-8,0.1111111111111111,2.6174548852858518E-8,2,33007671
\SYN\SYN665-1.spass,0,14,7,14,7,17393817,0.0,0.0,0.0,0.0,0,34134310
\GRP\GRP028-4.spass,0,8,4,8,4,11050849,0.0,0.0,0.0,0.0,0,147102932
\CSR\CSR070+1.spass,0,17,8,17,8,2981211,0.0,0.0,0.0,0.0,0,20550301
\SYN\SYN678-1.spass,0,14,7,14,7,4076664,0.0,0.0,0.0,0.0,0,24015089
\SYN\SYN663-1.spass,0,14,7,14,7,3813755,0.0,0.0,0.0,0.0,0,16048483
\MGT\MGT008-1.spass,1,37,20,36,16,1430300976,0.02702702702702703,6.991535465469752E-10,0.10810810810810811,2.7966141861879007E-9,2,387268430
\SET\SET913+1.spass,0,5,2,5,2,417653,0.0,0.0,0.0,0.0,0,4267726
\SYN\SYN620-1.spass,0,15,7,15,7,2124981,0.0,0.0,0.0,0.0,0,18208991
\SWV\SWV267-2.spass,0,7,3,7,3,747671,0.0,0.0,0.0,0.0,0,6768122
\SYN\SYN730+1.spass,0,4,2,4,2,1103743,0.0,0.0,0.0,0.0,0,3243725
\SET\SET842-2.spass,0,15,6,15,6,2936998,0.0,0.0,0.0,0.0,0,25051328
\SWV\SWV265-2.spass,0,5,2,5,2,270015,0.0,0.0,0.0,0.0,0,3599797
\SYN\SYN333-1.spass,0,9,6,9,6,1838387,0.0,0.0,0.0,0.0,0,13754545
\MGT\MGT036-2.spass,0,26,15,26,15,13549271,0.0,0.0,0.0,0.0,0,27403295
\MGT\MGT007-1.spass,1,49,27,47,23,1371900905,0.04081632653061224,1.457831241827193E-9,0.08163265306122448,2.915662483654386E-9,2,1454574236
\SYN\SYN662-1.spass,0,14,7,14,7,2757383,0.0,0.0,0.0,0.0,0,9797099
\SYN\SYN675-1.spass,0,14,7,14,7,2523686,0.0,0.0,0.0,0.0,0,8976792
\SYN\SYN660-1.spass,0,14,7,14,7,3098848,0.0,0.0,0.0,0.0,0,11547850
\SWB\SWB019+2.spass,0,7,3,7,3,622928,0.0,0.0,0.0,0.0,0,6125456
\CSR\CSR052+1.spass,0,25,15,25,15,4640377,0.0,0.0,0.0,0.0,0,10972292
\SWV\SWV292-2.spass,1,34,18,36,16,12046034,-0.058823529411764705,-1.6602974887834452E-7,0.058823529411764705,1.6602974887834452E-7,3,19735520
\SWV\SWV290-2.spass,1,21,11,22,10,6076112,-0.047619047619047616,-1.6457892810402442E-7,0.047619047619047616,1.6457892810402442E-7,1,16678121
\SYN\SYN706-1.spass,0,18,8,18,8,2864363,0.0,0.0,0.0,0.0,0,11754702
\SYN\SYN719-1.spass,0,17,8,17,8,1767330,0.0,0.0,0.0,0.0,0,7473949
\PUZ\PUZ008-1.spass,0,5,2,5,2,657272,0.0,0.0,0.0,0.0,0,2869889
\SWV\SWV349-2.spass,0,3,1,3,1,255802,0.0,0.0,0.0,0.0,0,1647719
\SWV\SWV308-2.spass,0,40,21,40,21,12957134,0.0,0.0,0.0,0.0,0,30051330
\SYN\SYN731-1.spass,0,3,1,3,1,205274,0.0,0.0,0.0,0.0,0,780831
\SWV\SWV331-2.spass,1,12,6,14,5,2379205,-0.16666666666666666,-8.4061692876402E-7,0.08333333333333333,4.2030846438201E-7,2,3606507
\SET\SET852-2.spass,0,13,5,13,5,1780358,0.0,0.0,0.0,0.0,0,22898715
\SYN\SYN345-1.spass,0,20,7,20,7,3409917,0.0,0.0,0.0,0.0,0,6993134
\SET\SET826-2.spass,0,7,3,7,3,346202,0.0,0.0,0.0,0.0,0,1785884
\SET\SET824-2.spass,0,4,2,4,2,521081,0.0,0.0,0.0,0.0,0,1856941
\SYN\SYN343-1.spass,0,5,1,5,1,301200,0.0,0.0,0.0,0.0,0,2120638
\SWV\SWV247-2.spass,1,38,26,38,23,18359000,0.0,0.0,0.07894736842105263,1.6340759300615503E-7,2,19130357
\PLA\PLA003-1.spass,0,15,7,15,7,1013344,0.0,0.0,0.0,0.0,0,4373916
\SYN\SYN687-1.spass,1,14,6,13,5,13681910,0.07142857142857142,7.308921049765713E-8,0.07142857142857142,7.308921049765713E-8,0,12588036
\SYN\SYN685-1.spass,0,14,7,14,7,2490527,0.0,0.0,0.0,0.0,0,7519346
\SYN\SYN657-1.spass,1,18,9,18,8,6417972,0.0,0.0,0.05555555555555555,1.558124591381826E-7,1,12407631
\SWV\SWV330-2.spass,0,3,1,3,1,303963,0.0,0.0,0.0,0.0,0,1526133
\LCL\LCL447-2.spass,0,7,3,7,3,378573,0.0,0.0,0.0,0.0,0,2306570
\SWV\SWV289-2.spass,0,18,8,18,8,2254856,0.0,0.0,0.0,0.0,0,17553300
\SWV\SWV287-2.spass,0,18,8,18,8,3447814,0.0,0.0,0.0,0.0,0,13930607
\SYN\SYN084-2.spass,0,40,22,40,22,5775701,0.0,0.0,0.0,0.0,0,13880078
\SWV\SWV246-2.spass,1,19,11,20,10,4705513,-0.05263157894736842,-2.1251667990291388E-7,0.05263157894736842,2.1251667990291388E-7,1,7417104
\COL\COL119-2.spass,0,5,2,5,2,268436,0.0,0.0,0.0,0.0,0,1716013
\SWV\SWV259-2.spass,0,9,4,9,4,420417,0.0,0.0,0.0,0.0,0,2280516
\SWV\SWV244-2.spass,0,13,7,13,7,1105716,0.0,0.0,0.0,0.0,0,2614086
\SYN\SYN684-1.spass,0,14,7,14,7,1268752,0.0,0.0,0.0,0.0,0,3537029
\SYN\SYN682-1.spass,0,14,7,14,7,1276647,0.0,0.0,0.0,0.0,0,4840914
\SET\SET589+3.spass,0,11,5,11,5,494631,0.0,0.0,0.0,0.0,0,2823702
\SYN\SYN585-1.spass,0,13,6,13,6,697537,0.0,0.0,0.0,0.0,0,7402498
\SYN\SYN583-1.spass,0,18,9,19,9,6439289,-0.05555555555555555,-1.5529664843432248E-7,0.0,0.0,1,4466685
\SWV\SWV271-2.spass,0,18,9,18,9,1353625,0.0,0.0,0.0,0.0,0,6603902
\GRP\GRP003-1.spass,1,15,10,18,9,28734023,-0.2,-1.0440584668565206E-7,0.06666666666666667,3.4801948895217356E-8,3,23791656
\SYN\SYN555-1.spass,0,11,5,11,5,958867,0.0,0.0,0.0,0.0,0,3753752
\COL\COL101-2.spass,0,3,1,3,1,135797,0.0,0.0,0.0,0.0,0,2406443
\GRP\GRP031-2.spass,0,12,7,12,7,40097126,0.0,0.0,0.0,0.0,0,26997090
\SYN\SYN582-1.spass,0,15,7,15,7,1029134,0.0,0.0,0.0,0.0,0,3792044
\MGT\MGT036+2.spass,1,36,23,41,17,11508373,-0.1388888888888889,-4.344662794645255E-7,0.16666666666666666,5.213595353574306E-7,8,10739385
\RNG\RNG039-2.spass,0,36,20,36,20,7292361,0.0,0.0,0.0,0.0,0,9043506
\LAT\LAT273-2.spass,1,16,9,15,6,4454447,0.0625,2.2449475771066532E-7,0.1875,6.734842731319959E-7,1,5342257
\SYN\SYN669-1.spass,0,14,7,14,7,1306254,0.0,0.0,0.0,0.0,0,4431156
\SYN\SYN667-1.spass,0,14,7,14,7,1450340,0.0,0.0,0.0,0.0,0,3771911
\SWV\SWV355-2.spass,0,15,8,15,8,1572715,0.0,0.0,0.0,0.0,0,4231409
\CSR\CSR046+1.spass,0,3,1,3,1,60003,0.0,0.0,0.0,0.0,0,627664
\SEU\SEU163+1.spass,0,5,2,5,2,133033,0.0,0.0,0.0,0.0,0,864125
\SWV\SWV312-2.spass,0,5,2,5,2,365546,0.0,0.0,0.0,0.0,0,2305780
\SET\SET833-2.spass,0,7,3,7,3,206064,0.0,0.0,0.0,0.0,0,1397443
\SWV\SWV310-2.spass,0,5,2,5,2,370283,0.0,0.0,0.0,0.0,0,2301043
\SET\SET846-2.spass,0,9,4,9,4,786752,0.0,0.0,0.0,0.0,0,2213407
\SYN\SYN339-1.spass,0,3,1,3,1,76977,0.0,0.0,0.0,0.0,0,637534
\LCL\LCL429-2.spass,0,17,9,17,9,4068374,0.0,0.0,0.0,0.0,0,8813362
\SWV\SWV011-1.spass,0,5,2,5,2,128691,0.0,0.0,0.0,0.0,0,951761
\LAT\LAT272-2.spass,0,7,3,7,3,281857,0.0,0.0,0.0,0.0,0,1517449
\LAT\LAT270-2.spass,0,9,4,9,4,371072,0.0,0.0,0.0,0.0,0,1802464
\SYN\SYN666-1.spass,0,14,7,14,7,1542713,0.0,0.0,0.0,0.0,0,3508608
\SYN\SYN679-1.spass,0,14,7,14,7,1244276,0.0,0.0,0.0,0.0,0,3451368
\SYN\SYN664-1.spass,0,14,7,14,7,1283358,0.0,0.0,0.0,0.0,0,3446235
\CSR\CSR058+1.spass,0,5,2,5,2,114875,0.0,0.0,0.0,0.0,0,965972
\SYN\SYN636-1.spass,1,23,14,23,13,17157358,0.0,0.0,0.043478260869565216,5.828403184219855E-8,1,20616619
\SYN\SYN621-1.spass,0,12,5,12,5,1399021,0.0,0.0,0.0,0.0,0,5496213
\SET\SET830-2.spass,0,23,11,23,11,2727777,0.0,0.0,0.0,0.0,0,10433843
\SYN\SYN336-1.spass,0,3,1,3,1,75399,0.0,0.0,0.0,0.0,0,680563
\SYN\SYN066-1.spass,0,8,4,8,4,775699,0.0,0.0,0.0,0.0,0,1811149
\MGT\MGT036-1.spass,0,26,15,26,15,8208988,0.0,0.0,0.0,0.0,0,8244911
\MGT\MGT006-1.spass,0,45,26,45,26,882240203,0.0,0.0,0.0,0.0,0,966603887
\LCL\LCL440-2.spass,0,3,1,3,1,163825,0.0,0.0,0.0,0.0,0,1337045
\SWV\SWV293-2.spass,1,20,11,22,10,6083218,-0.1,-3.287733564702103E-7,0.05,1.6438667823510516E-7,2,9926974
\SYN\SYN562-1.spass,1,12,6,13,5,2203933,-0.08333333333333333,-4.537343013603408E-7,0.08333333333333333,4.537343013603408E-7,1,4945131
\COL\COL110-2.spass,0,18,8,18,8,6460606,0.0,0.0,0.0,0.0,0,12710806
\COL\COL123-2.spass,0,19,8,19,8,2830808,0.0,0.0,0.0,0.0,0,18506245
\COM\COM001-1.spass,0,13,6,13,6,780436,0.0,0.0,0.0,0.0,0,3275305
\SEU\SEU158+3.spass,0,9,3,9,3,315016,0.0,0.0,0.0,0.0,0,2628692
\SWV\SWV309-2.spass,0,5,2,5,2,390810,0.0,0.0,0.0,0.0,0,2423418
\ANA\ANA041-2.spass,0,3,1,3,1,125927,0.0,0.0,0.0,0.0,0,676220
\SYN\SYN561-1.spass,0,20,12,24,12,30457536,-0.25,-1.6416298416260593E-7,0.0,0.0,4,7895945
\SET\SET828-2.spass,0,7,3,7,3,355282,0.0,0.0,0.0,0.0,0,2606981
\MSC\MSC005-1.spass,0,14,6,14,6,1962736,0.0,0.0,0.0,0.0,0,6944973
\MSC\MSC003-1.spass,1,15,7,16,6,4999607,-0.06666666666666667,-2.0001572123568912E-7,0.06666666666666667,2.0001572123568912E-7,2,4686959
\SYN\SYN006-1.spass,0,13,6,13,6,1258882,0.0,0.0,0.0,0.0,0,6290465
\SYN\SYN648-1.spass,0,15,7,15,7,3117402,0.0,0.0,0.0,0.0,0,18357815
\SWV\SWV336-2.spass,0,3,1,3,1,242381,0.0,0.0,0.0,0.0,0,1428233
\SWV\SWV334-2.spass,0,3,1,3,1,159087,0.0,0.0,0.0,0.0,0,1846677
\SYN\SYN618-1.spass,0,23,12,24,12,3623482,-0.043478260869565216,-2.759776369801202E-7,0.0,0.0,1,9863418
\SET\SET827-2.spass,0,7,3,7,3,299227,0.0,0.0,0.0,0.0,0,1557319
\SET\SET009+3.spass,0,25,13,25,13,3900997,0.0,0.0,0.0,0.0,0,13749413
\LCL\LCL437-2.spass,0,5,2,5,2,641877,0.0,0.0,0.0,0.0,0,2466051
\SWV\SWV333-2.spass,0,3,1,3,1,373441,0.0,0.0,0.0,0.0,0,1478368
\SET\SET055-6.spass,0,9,3,9,3,241592,0.0,0.0,0.0,0.0,0,2047214
\SYN\SYN589-1.spass,0,7,3,7,3,808859,0.0,0.0,0.0,0.0,0,3023055
\LCL\LCL435-2.spass,0,5,2,5,2,539634,0.0,0.0,0.0,0.0,0,2918839
\SYN\SYN559-1.spass,0,20,12,24,12,41467725,-0.25,-1.205757007407568E-7,0.0,0.0,4,10802152
\TOP\TOP002-2.spass,0,5,2,5,2,168167,0.0,0.0,0.0,0.0,0,1702590
\SYN\SYN073-1.spass,0,4,2,4,2,2585663,0.0,0.0,0.0,0.0,0,940313
\SWV\SWV273-2.spass,0,11,5,11,5,1264410,0.0,0.0,0.0,0.0,0,5175274
\SWV\SWV288-2.spass,0,17,8,17,8,3040030,0.0,0.0,0.0,0.0,0,12490136
\COL\COL105-2.spass,0,5,2,5,2,487526,0.0,0.0,0.0,0.0,0,2416312
\SWV\SWV245-2.spass,1,19,11,20,10,5839257,-0.05263157894736842,-1.7125466476299982E-7,0.05263157894736842,1.7125466476299982E-7,1,8966528
\MGT\MGT017-1.spass,1,42,23,38,18,1509124629,0.09523809523809523,2.650543184528466E-9,0.11904761904761904,3.3131789806605826E-9,2,356032037
\MGT\MGT015-1.spass,1,42,23,38,18,1570415510,0.09523809523809523,2.547096596110414E-9,0.11904761904761904,3.1838707451380176E-9,2,350800312
\SYN\SYN670-1.spass,0,14,7,14,7,2258804,0.0,0.0,0.0,0.0,0,4686170
\SWB\SWB012+2.spass,1,41,22,41,20,167511119,0.0,0.0,0.04878048780487805,1.1939505938110293E-8,1,134508579
\SYN\SYN586-1.spass,0,14,7,14,7,1296384,0.0,0.0,0.0,0.0,0,4022187
\LCL\LCL432-2.spass,0,5,2,5,2,252645,0.0,0.0,0.0,0.0,0,1059530
\TOP\TOP001-2.spass,0,33,16,33,16,3610850,0.0,0.0,0.0,0.0,0,15100275
\SWV\SWV272-2.spass,0,18,9,18,9,1327176,0.0,0.0,0.0,0.0,0,4425234
\GRP\GRP004-1.spass,1,12,7,13,6,25478456,-0.08333333333333333,-3.924884616242052E-8,0.08333333333333333,3.924884616242052E-8,1,38157286
\COL\COL104-2.spass,0,11,5,11,5,1321650,0.0,0.0,0.0,0.0,0,4630903
\SWV\SWV011+1.spass,0,5,2,5,2,238829,0.0,0.0,0.0,0.0,0,3075163
\SEU\SEU167+3.spass,0,11,5,11,5,818728,0.0,0.0,0.0,0.0,0,4457210
\SEU\SEU167+1.spass,0,11,5,11,5,460288,0.0,0.0,0.0,0.0,0,2532371
\SWV\SWV357-2.spass,0,9,4,9,4,391994,0.0,0.0,0.0,0.0,0,2344466
\SWV\SWV329-2.spass,1,20,10,22,9,3944420,-0.1,-5.070453957742836E-7,0.05,2.535226978871418E-7,2,7307361
\SWV\SWV314-2.spass,0,13,6,13,6,1075320,0.0,0.0,0.0,0.0,0,5004739
\SYN\SYN581-1.spass,0,18,9,19,9,3322676,-0.05555555555555555,-3.0096223646241765E-7,0.0,0.0,1,4909997
\GEO\GEO002-4.spass,0,23,14,23,14,20016983,0.0,0.0,0.0,0.0,0,16936687
\MGT\MGT036+1.spass,1,34,21,39,14,7545006,-0.14705882352941177,-6.626899965354567E-7,0.20588235294117646,9.277659951496394E-7,8,10260150
\SWV\SWV358-2.spass,0,15,8,15,8,2059451,0.0,0.0,0.0,0.0,0,3780990
\SWV\SWV356-2.spass,0,7,3,7,3,529765,0.0,0.0,0.0,0.0,0,2732514
\SWV\SWV315-2.spass,0,24,10,24,10,1593243,0.0,0.0,0.0,0.0,0,14173384
\SWV\SWV300-2.spass,1,29,15,31,14,7549742,-0.06896551724137931,-2.6490971479555195E-7,0.034482758620689655,1.3245485739777598E-7,2,9264965
\SWV\SWV328-2.spass,1,16,8,17,7,4634456,-0.0625,-2.1577505536787922E-7,0.0625,2.1577505536787922E-7,1,6936289
\SWV\SWV313-2.spass,0,15,7,15,7,1362704,0.0,0.0,0.0,0.0,0,6671801
\SET\SET819-2.spass,0,3,1,3,1,72635,0.0,0.0,0.0,0.0,0,654113
\SYN\SYN710-1.spass,0,16,7,16,7,3425313,0.0,0.0,0.0,0.0,0,7325125
\SET\SET915+1.spass,0,5,2,5,2,207643,0.0,0.0,0.0,0.0,0,987684
\CSR\CSR072+1.spass,0,3,1,3,1,66713,0.0,0.0,0.0,0.0,0,585425
\LCL\LCL442-2.spass,0,32,16,32,16,5047767,0.0,0.0,0.0,0.0,0,12284862
\SYN\SYN622-1.spass,0,14,7,14,7,1151114,0.0,0.0,0.0,0.0,0,9572482
\SWV\SWV299-2.spass,0,23,15,23,15,5783596,0.0,0.0,0.0,0.0,0,10181988
\SYN\SYN352-1.spass,0,17,8,17,8,1093479,0.0,0.0,0.0,0.0,0,12618827
\ANA\ANA003-4.spass,0,29,12,29,12,2459341,0.0,0.0,0.0,0.0,0,12947266
\SYN\SYN568-1.spass,0,13,6,13,6,800963,0.0,0.0,0.0,0.0,0,2992659
\SWV\SWV269-2.spass,0,5,2,5,2,176457,0.0,0.0,0.0,0.0,0,972683
\COL\COL114-2.spass,0,5,2,5,2,387652,0.0,0.0,0.0,0.0,0,1447577
\SYN\SYN065-1.spass,0,7,3,7,3,221065,0.0,0.0,0.0,0.0,0,1325202
\MGT\MGT009-1.spass,0,37,19,37,19,1370053044,0.0,0.0,0.0,0.0,0,167005040
\GRP\GRP028-3.spass,0,8,4,8,4,1612586,0.0,0.0,0.0,0.0,0,12926343
\LCL\LCL441-2.spass,0,7,4,7,4,913469,0.0,0.0,0.0,0.0,0,2451841
\COL\COL113-2.spass,0,3,1,3,1,96321,0.0,0.0,0.0,0.0,0,828991
\SWV\SWV266-2.spass,0,5,2,5,2,150008,0.0,0.0,0.0,0.0,0,1075715
\COL\COL111-2.spass,0,5,2,5,2,296858,0.0,0.0,0.0,0.0,0,1672589
\SET\SET786-1.spass,1,11,5,10,4,4889865,0.09090909090909091,2.045046233382721E-7,0.09090909090909091,2.045046233382721E-7,0,3385048
\COM\COM002-1.spass,0,19,10,19,10,1878257,0.0,0.0,0.0,0.0,0,3825598
\ANA\ANA042-2.spass,0,3,1,3,1,126323,0.0,0.0,0.0,0.0,0,828596
\MSC\MSC004-1.spass,1,20,10,21,9,5222645,-0.05,-1.9147386046725366E-7,0.05,1.9147386046725366E-7,2,6425472
\SWV\SWV009-1.spass,1,21,13,19,10,3034503,0.09523809523809523,6.590865126842847E-7,0.14285714285714285,9.88629769026427E-7,0,3975606
\SYN\SYN370+1.spass,0,4,2,4,2,533713,0.0,0.0,0.0,0.0,0,1176773
\SWV\SWV337-2.spass,1,23,13,23,12,4813676,0.0,0.0,0.043478260869565216,2.0774144333769036E-7,0,8977186
\SEU\SEU158+1.spass,0,9,3,9,3,180799,0.0,0.0,0.0,0.0,0,1393889
\SWV\SWV335-2.spass,1,18,9,19,8,4023371,-0.05555555555555555,-2.4854779735699245E-7,0.05555555555555555,2.4854779735699245E-7,1,5531346
\SYN\SYN619-1.spass,1,24,12,24,11,3551241,0.0,0.0,0.041666666666666664,2.81591702731524E-7,1,5745305
\SWV\SWV279-2.spass,0,19,11,19,11,3229908,0.0,0.0,0.0,0.0,0,6235989
\COL\COL109-2.spass,0,14,7,14,7,2857652,0.0,0.0,0.0,0.0,0,6559690
\SYN\SYN034-1.spass,1,11,5,10,4,4499449,0.09090909090909091,2.2224943543087164E-7,0.09090909090909091,2.2224943543087164E-7,0,3095296
\SYN\SYN676-1.spass,0,14,7,14,7,1284937,0.0,0.0,0.0,0.0,0,4374705
\SYN\SYN661-1.spass,0,14,7,14,7,1284542,0.0,0.0,0.0,0.0,0,3649141
\SYN\SYN674-1.spass,0,14,7,14,7,1245460,0.0,0.0,0.0,0.0,0,3293858
\PUZ\PUZ035-7.spass,1,28,19,30,16,12966609,-0.07142857142857142,-1.5424233120625448E-7,0.10714285714285714,2.313634968093817E-7,3,10531743
\SET\SET055-7.spass,0,6,2,6,2,223827,0.0,0.0,0.0,0.0,0,1756672
\LCL\LCL438-2.spass,0,10,5,10,5,3209776,0.0,0.0,0.0,0.0,0,12758966
\SYN\SYN346-1.spass,1,4,2,4,1,1043740,0.0,0.0,0.25,9.58093011669573E-7,0,1641008
\SWV\SWV263-2.spass,0,9,4,9,4,463445,0.0,0.0,0.0,0.0,0,2908970
\PUZ\PUZ047+1.spass,0,16,8,16,8,9473791,0.0,0.0,0.0,0.0,0,6800098
\SYN\SYN031-1.spass,1,8,4,8,3,3153720,0.0,0.0,0.125,3.1708585416587397E-7,0,3277279
\MGT\MGT018-1.spass,1,40,21,38,17,418709702,0.05,4.776579072438116E-9,0.1,9.553158144876233E-9,2,243700160
\MGT\MGT016-1.spass,1,40,21,38,17,421119699,0.05,4.749243516152874E-9,0.1,9.498487032305749E-9,2,216991638
\SYN\SYN671-1.spass,0,14,7,14,7,1533239,0.0,0.0,0.0,0.0,0,3562689
\SYN\SYN630-1.spass,0,11,5,11,5,966367,0.0,0.0,0.0,0.0,0,3814544
\CSR\CSR050+1.spass,0,26,14,26,14,1361520,0.0,0.0,0.0,0.0,0,5319361
\PUZ\PUZ035-6.spass,0,9,6,9,6,577926,0.0,0.0,0.0,0.0,0,2310912
\SYN\SYN587-1.spass,0,16,8,16,8,1112033,0.0,0.0,0.0,0.0,0,4080611
\COL\COL120-2.spass,0,5,2,5,2,285804,0.0,0.0,0.0,0.0,0,1319675
\SYN\SYN570-1.spass,0,22,11,22,11,2444341,0.0,0.0,0.0,0.0,0,5114481
\SYN\SYN717-1.spass,1,16,8,17,7,3534267,-0.0625,-2.8294410128040694E-7,0.0625,2.8294410128040694E-7,1,4403523
\PUZ\PUZ047-1.spass,0,16,8,16,8,1954446,0.0,0.0,0.0,0.0,0,3343993
\SET\SET590+3.spass,0,8,3,8,3,279883,0.0,0.0,0.0,0.0,0,2989896
\SYN\SYN082+1.spass,1,9,4,10,3,1047687,-0.1111111111111111,-9.544835432719887E-7,0.1111111111111111,9.544835432719887E-7,1,1790226
\SYN\SYN571-1.spass,0,16,8,17,8,3179774,-0.0625,-3.1448775919294895E-7,0.0,0.0,1,4018239
\GRP\GRP001+6.spass,1,26,16,28,14,30776105,-0.07692307692307693,-6.498548143112977E-8,0.07692307692307693,6.498548143112977E-8,2,36340217
\SYN\SYN727-1.spass,0,5,2,5,2,138955,0.0,0.0,0.0,0.0,0,1052819
\SYN\SYN656-1.spass,1,19,10,21,9,3835861,-0.10526315789473684,-5.213953268901037E-7,0.05263157894736842,2.6069766344505185E-7,2,5709381
\CSR\CSR035+1.spass,0,5,2,5,2,183957,0.0,0.0,0.0,0.0,0,986500
\SYN\SYN613-1.spass,0,20,11,20,11,1507975,0.0,0.0,0.0,0.0,0,5071453
\SYN\SYN626-1.spass,1,16,8,18,7,3415444,-0.125,-5.855754039591924E-7,0.0625,2.927877019795962E-7,2,5045400
\TOP\TOP022+1.spass,0,13,6,13,6,948209,0.0,0.0,0.0,0.0,0,7009714
\SET\SET835-2.spass,0,7,3,7,3,296858,0.0,0.0,0.0,0.0,0,1958789
\SWV\SWV258-2.spass,0,11,5,11,5,918996,0.0,0.0,0.0,0.0,0,4744199
\SYN\SYN014-2.spass,0,10,5,10,5,356071,0.0,0.0,0.0,0.0,0,2852914
\SET\SET631+3.spass,1,12,6,13,5,2679616,-0.08333333333333333,-3.7318780004299125E-7,0.08333333333333333,3.7318780004299125E-7,1,2861204
\SYN\SYN655-1.spass,0,17,9,17,9,3536635,0.0,0.0,0.0,0.0,0,15563720
\SYN\SYN668-1.spass,0,14,7,14,7,1260462,0.0,0.0,0.0,0.0,0,4465895
\SYN\SYN653-1.spass,0,18,9,18,9,3848888,0.0,0.0,0.0,0.0,0,10303573
\SWV\SWV341-2.spass,0,7,3,7,3,259751,0.0,0.0,0.0,0.0,0,1661140
\SYN\SYN340-1.spass,0,3,1,3,1,99085,0.0,0.0,0.0,0.0,0,762277
\TOP\TOP021+1.spass,0,9,4,9,4,475683,0.0,0.0,0.0,0.0,0,2751461
\SET\SET834-2.spass,0,23,11,23,11,2332229,0.0,0.0,0.0,0.0,0,7918841
\SYN\SYN312-1.spass,0,21,13,21,13,2081953,0.0,0.0,0.0,0.0,0,3924682
\COL\COL117-2.spass,0,14,7,14,7,2790543,0.0,0.0,0.0,0.0,0,7050769
\SWV\SWV257-2.spass,0,5,2,5,2,191063,0.0,0.0,0.0,0.0,0,1082821
\SYN\SYN310-1.spass,0,19,13,19,13,1663509,0.0,0.0,0.0,0.0,0,3905733
\SWV\SWV255-2.spass,0,12,6,12,6,1273883,0.0,0.0,0.0,0.0,0,5850310
\SET\SET832-2.spass,0,7,3,7,3,331991,0.0,0.0,0.0,0.0,0,1804438
\SYN\SYN325-1.spass,0,6,3,6,3,1069399,0.0,0.0,0.0,0.0,0,1525344
\SWB\SWB024+2.spass,0,24,12,24,12,1708907,0.0,0.0,0.0,0.0,0,10665566
\SYN\SYN680-1.spass,0,14,7,14,7,1278226,0.0,0.0,0.0,0.0,0,3424918
\SYN\SYN596-1.spass,0,13,6,13,6,1137297,0.0,0.0,0.0,0.0,0,4822361
\SYN\SYN594-1.spass,0,23,12,23,12,3740724,0.0,0.0,0.0,0.0,0,10769387
\SYN\SYN079+1.spass,0,7,3,7,3,294884,0.0,0.0,0.0,0.0,0,1566793
\SYN\SYN566-1.spass,0,32,18,32,18,5243568,0.0,0.0,0.0,0.0,0,8204645
\GRP\GRP012+5.spass,0,21,13,21,13,20771365,0.0,0.0,0.0,0.0,0,32199603
\SWV\SWV280-2.spass,0,5,2,5,2,232512,0.0,0.0,0.0,0.0,0,1585347
\SET\SET046-5.spass,1,11,5,10,4,3463210,0.09090909090909091,2.8874945498540374E-7,0.09090909090909091,2.8874945498540374E-7,0,3055425
\COL\COL112-2.spass,0,5,2,5,2,344624,0.0,0.0,0.0,0.0,0,1817465
\COM\COM002-2.spass,0,21,12,21,12,2050766,0.0,0.0,0.0,0.0,0,5423183
\SET\SET899+1.spass,0,7,3,7,3,210011,0.0,0.0,0.0,0.0,0,1479157
\SYN\SYN593-1.spass,0,13,6,13,6,914259,0.0,0.0,0.0,0.0,0,5024872
\LAT\LAT271-2.spass,0,7,3,7,3,363967,0.0,0.0,0.0,0.0,0,1880626
\SWV\SWV364-2.spass,0,9,4,9,4,390020,0.0,0.0,0.0,0.0,0,2293543
\SWV\SWV323-2.spass,0,37,17,37,17,3276884,0.0,0.0,0.0,0.0,0,13648355
\SET\SET859-2.spass,0,7,3,7,3,333176,0.0,0.0,0.0,0.0,0,1700616
\SWV\SWV321-2.spass,0,24,10,24,10,1553372,0.0,0.0,0.0,0.0,0,7284070
\SET\SET829-2.spass,0,7,3,7,3,206853,0.0,0.0,0.0,0.0,0,1669036
\SWV\SWV239-2.spass,0,12,5,12,5,753987,0.0,0.0,0.0,0.0,0,3586769
\SYN\SYN035-1.spass,0,9,6,9,6,1271120,0.0,0.0,0.0,0.0,0,3761252
\SYN\SYN048-1.spass,0,3,1,3,1,111716,0.0,0.0,0.0,0.0,0,1094664
\SYN\SYN677-1.spass,0,14,7,14,7,2279726,0.0,0.0,0.0,0.0,0,6087164
\CSR\CSR054+1.spass,0,5,2,5,2,210011,0.0,0.0,0.0,0.0,0,1618901
\SYN\SYN632-1.spass,1,24,13,26,11,14271677,-0.08333333333333333,-1.4013770070609082E-7,0.08333333333333333,1.4013770070609082E-7,2,23892320
\LCL\LCL439-2.spass,0,13,6,13,6,1008606,0.0,0.0,0.0,0.0,0,3908102
\SWV\SWV320-2.spass,0,7,3,7,3,248697,0.0,0.0,0.0,0.0,0,1501659
\SYN\SYN604-1.spass,1,26,15,31,14,8779808,-0.19230769230769232,-5.694885355123939E-7,0.038461538461538464,1.1389770710247879E-7,5,10346207
\COL\COL124-2.spass,0,6,2,6,2,404232,0.0,0.0,0.0,0.0,0,3704012
\SWV\SWV264-2.spass,0,5,2,5,2,178430,0.0,0.0,0.0,0.0,0,1162562
\COL\COL122-2.spass,0,5,2,5,2,268435,0.0,0.0,0.0,0.0,0,1718775
\TOP\TOP004-2.spass,0,3,1,3,1,88426,0.0,0.0,0.0,0.0,0,644245
\SWV\SWV277-2.spass,0,9,4,9,4,536081,0.0,0.0,0.0,0.0,0,2063794
\PUZ\PUZ008-3.spass,0,49,31,49,31,10317389,0.0,0.0,0.0,0.0,0,69355388
\MGT\MGT004-1.spass,0,47,29,47,29,1452263719,0.0,0.0,0.0,0.0,0,1474378444
\SWB\SWB003+2.spass,0,3,1,3,1,114085,0.0,0.0,0.0,0.0,0,843597
\MGT\MGT002-1.spass,1,31,17,30,13,75104246,0.03225806451612903,1.3314826434713159E-8,0.12903225806451613,5.3259305738852634E-8,3,67122638
\SWV\SWV291-2.spass,0,23,11,23,11,2330650,0.0,0.0,0.0,0.0,0,9203777
\PUZ\PUZ035-5.spass,0,9,6,9,6,447656,0.0,0.0,0.0,0.0,0,2427366
\SYN\SYN588-1.spass,0,7,3,7,3,1425865,0.0,0.0,0.0,0.0,0,2876205
\SWB\SWB030+2.spass,1,22,12,25,10,4039951,-0.13636363636363635,-7.425832640049348E-7,0.09090909090909091,4.950555093366232E-7,3,5634378
\MGT\MGT003-1.spass,1,31,17,30,13,83623908,0.03225806451612903,1.1958302642349602E-8,0.12903225806451613,4.783321056939841E-8,3,67643719
\COM\COM011-2.spass,0,27,15,27,15,7803572,0.0,0.0,0.0,0.0,0,10221463
\SWV\SWV305-2.spass,1,30,16,29,15,7519740,0.03333333333333333,1.329833212318511E-7,0.03333333333333333,1.329833212318511E-7,0,11151117
\SET\SET836-2.spass,0,7,3,7,3,212774,0.0,0.0,0.0,0.0,0,2151035
\SYN\SYN654-1.spass,0,17,9,17,9,2704485,0.0,0.0,0.0,0.0,0,14589063
\LCL\LCL433-2.spass,0,15,7,15,7,1245067,0.0,0.0,0.0,0.0,0,6133746
\SET\SET850-2.spass,0,7,3,7,3,375809,0.0,0.0,0.0,0.0,0,2027081
\CAT\CAT007-3.spass,0,7,3,7,3,214748,0.0,0.0,0.0,0.0,0,1157824
\SYN\SYN557-1.spass,0,16,9,16,9,1676931,0.0,0.0,0.0,0.0,0,4372732
\SYN\SYN341-1.spass,0,3,1,3,1,78952,0.0,0.0,0.0,0.0,0,640692
\SWV\SWV286-2.spass,0,16,7,16,7,1893258,0.0,0.0,0.0,0.0,0,8137537
\SYN\SYN354-1.spass,0,14,7,14,7,3155299,0.0,0.0,0.0,0.0,0,2722250
\COL\COL118-2.spass,0,9,4,9,4,1044529,0.0,0.0,0.0,0.0,0,3912839
\SWV\SWV284-2.spass,0,12,6,12,6,882283,0.0,0.0,0.0,0.0,0,3282411
\COL\COL103-2.spass,0,3,1,3,1,135796,0.0,0.0,0.0,0.0,0,939918
\SYN\SYN311-1.spass,0,19,13,19,13,4251542,0.0,0.0,0.0,0.0,0,4488396
\SWV\SWV256-2.spass,0,5,2,5,2,169351,0.0,0.0,0.0,0.0,0,1030713
\SYN\SYN082-1.spass,0,15,5,15,5,598453,0.0,0.0,0.0,0.0,0,3881653
\COL\COL116-2.spass,0,3,1,3,1,92767,0.0,0.0,0.0,0.0,0,785568
\SYN\SYN683-1.spass,0,14,7,14,7,1252961,0.0,0.0,0.0,0.0,0,3210960
\SYN\SYN681-1.spass,0,14,7,14,7,1213880,0.0,0.0,0.0,0.0,0,3313202
\SET\SET588+3.spass,0,22,11,22,11,2741988,0.0,0.0,0.0,0.0,0,9139038
\LCL\LCL445-2.spass,0,13,7,13,7,1937077,0.0,0.0,0.0,0.0,0,6230462
\LCL\LCL430-2.spass,0,17,9,17,9,5189485,0.0,0.0,0.0,0.0,0,10726753
\LCL\LCL443-2.spass,0,17,9,17,9,1807201,0.0,0.0,0.0,0.0,0,8221620
\ANA\ANA004-4.spass,0,31,13,31,13,5558584,0.0,0.0,0.0,0.0,0,12953582
\SYN\SYN569-1.spass,1,31,20,33,18,88115857,-0.06451612903225806,-2.269739032328767E-8,0.06451612903225806,2.269739032328767E-8,3,134144219
\SYN\SYN554-1.spass,1,21,13,22,11,14079431,-0.047619047619047616,-7.102559755433298E-8,0.09523809523809523,1.4205119510866596E-7,2,6030319
\SWV\SWV283-2.spass,0,14,6,14,6,1519028,0.0,0.0,0.0,0.0,0,7939763
\COL\COL102-2.spass,0,11,5,11,5,1015317,0.0,0.0,0.0,0.0,0,6446789
\SWV\SWV242-2.spass,0,15,8,15,8,1351651,0.0,0.0,0.0,0.0,0,4915129
\COL\COL115-2.spass,0,5,2,5,2,387257,0.0,0.0,0.0,0.0,0,2300648
\SWV\SWV270-2.spass,0,18,9,18,9,1347703,0.0,0.0,0.0,0.0,0,6061506
\SWV\SWV240-2.spass,0,12,5,12,5,1100585,0.0,0.0,0.0,0.0,0,3588743
\SEU\SEU264+1.spass,1,12,6,14,5,2347625,-0.16666666666666666,-8.519248176348438E-7,0.08333333333333333,4.259624088174219E-7,2,2301438
\SEU\SEU163+3.spass,0,5,2,5,2,237250,0.0,0.0,0.0,0.0,0,2498027
\SET\SET818-2.spass,0,3,1,3,1,115269,0.0,0.0,0.0,0.0,0,963999
\RNG\RNG038-2.spass,1,12,6,13,5,3031740,-0.08333333333333333,-3.2984358817048956E-7,0.08333333333333333,3.2984358817048956E-7,1,4210486
\SYN\SYN338-1.spass,0,3,1,3,1,110927,0.0,0.0,0.0,0.0,0,885836
