proof,compressed?,length,resOnlyLength,compressedLengthAll,compressedLengthResOnly,compressTime,compressRatio,compressSpeed,compressRatioRes,compressSpeedRes,numFOSub,totalTime
\SYN\SYN079-1.spass,0,7,3,7,3,5435420,0.0,0.0,0.0,0.0,0,173346034
\SYN\SYN064-1.spass,0,3,1,3,1,167773,0.0,0.0,0.0,0.0,0,8771123
\KRS\KRS017-1.spass,1,9,4,11,3,35266476,-0.2222222222222222,-5.671108165159456E-8,0.1111111111111111,2.835554082579728E-8,2,32447510
\SYN\SYN665-1.spass,0,14,7,14,7,290147,0.0,0.0,0.0,0.0,0,44289453
\GRP\GRP028-4.spass,0,8,4,8,4,8871786,0.0,0.0,0.0,0.0,0,156739758
\CSR\CSR070+1.spass,0,17,8,17,8,358440,0.0,0.0,0.0,0.0,0,19480507
\SYN\SYN678-1.spass,0,14,7,14,7,209616,0.0,0.0,0.0,0.0,0,24330500
\SYN\SYN663-1.spass,0,14,7,14,7,325676,0.0,0.0,0.0,0.0,0,29881979
\MGT\MGT008-1.spass,1,37,20,36,16,1482971531,0.02702702702702703,6.743217783322369E-10,0.10810810810810811,2.6972871133289475E-9,2,428312581
\SET\SET913+1.spass,0,5,2,5,2,63162,0.0,0.0,0.0,0.0,0,4246804
\SYN\SYN620-1.spass,0,15,7,15,7,197773,0.0,0.0,0.0,0.0,0,15489900
\SWV\SWV267-2.spass,0,7,3,7,3,78557,0.0,0.0,0.0,0.0,0,6505213
\SYN\SYN730+1.spass,0,4,2,4,2,518317,0.0,0.0,0.0,0.0,0,4972369
\SET\SET842-2.spass,0,15,6,15,6,213564,0.0,0.0,0.0,0.0,0,13504269
\SWV\SWV265-2.spass,0,5,2,5,2,60793,0.0,0.0,0.0,0.0,0,3432419
\SYN\SYN333-1.spass,0,9,6,9,6,416075,0.0,0.0,0.0,0.0,0,8344785
\MGT\MGT036-2.spass,0,26,15,26,15,8829942,0.0,0.0,0.0,0.0,0,22332237
\MGT\MGT007-1.spass,1,49,27,47,23,1291131095,0.04081632653061224,1.5490293803202067E-9,0.08163265306122448,3.0980587606404134E-9,2,1502155574
\SYN\SYN662-1.spass,0,14,7,14,7,203301,0.0,0.0,0.0,0.0,0,6041768
\SYN\SYN675-1.spass,0,14,7,14,7,145666,0.0,0.0,0.0,0.0,0,9447738
\SYN\SYN660-1.spass,0,14,7,14,7,145665,0.0,0.0,0.0,0.0,0,6074928
\SWB\SWB019+2.spass,0,7,3,7,3,47766,0.0,0.0,0.0,0.0,0,3247673
\CSR\CSR052+1.spass,0,25,15,25,15,149219,0.0,0.0,0.0,0.0,0,12181830
\SWV\SWV292-2.spass,1,34,18,36,16,10431474,-0.058823529411764705,-1.9172745865061832E-7,0.058823529411764705,1.9172745865061832E-7,3,32048804
\SWV\SWV290-2.spass,1,21,11,22,10,5901629,-0.047619047619047616,-1.694447414434218E-7,0.047619047619047616,1.694447414434218E-7,1,21776418
\SYN\SYN706-1.spass,0,18,8,18,8,188694,0.0,0.0,0.0,0.0,0,13387815
\SYN\SYN719-1.spass,0,17,8,17,8,140139,0.0,0.0,0.0,0.0,0,9522347
\PUZ\PUZ008-1.spass,0,5,2,5,2,92769,0.0,0.0,0.0,0.0,0,2574611
\SWV\SWV349-2.spass,0,3,1,3,1,95926,0.0,0.0,0.0,0.0,0,1403759
\SWV\SWV308-2.spass,0,40,21,40,21,8199119,0.0,0.0,0.0,0.0,0,38381114
\SYN\SYN731-1.spass,0,3,1,3,1,121980,0.0,0.0,0.0,0.0,0,1141639
\SWV\SWV331-2.spass,1,12,6,14,5,1359151,-0.16666666666666666,-1.4715068450819667E-6,0.08333333333333333,7.357534225409834E-7,2,5057242
\SET\SET852-2.spass,0,13,5,13,5,170930,0.0,0.0,0.0,0.0,0,10580298
\SYN\SYN345-1.spass,0,20,7,20,7,6079269,0.0,0.0,0.0,0.0,0,7179065
\SET\SET826-2.spass,0,7,3,7,3,66319,0.0,0.0,0.0,0.0,0,3135167
\SET\SET824-2.spass,0,4,2,4,2,126718,0.0,0.0,0.0,0.0,0,1821412
\SYN\SYN343-1.spass,0,5,1,5,1,44608,0.0,0.0,0.0,0.0,0,2605796
\SWV\SWV247-2.spass,1,38,26,38,23,16410476,0.0,0.0,0.07894736842105263,1.8281005377296795E-7,2,46445226
\PLA\PLA003-1.spass,0,15,7,15,7,193826,0.0,0.0,0.0,0.0,0,9493530
\SYN\SYN687-1.spass,1,14,6,13,5,6975764,0.07142857142857142,1.4335347354067597E-7,0.07142857142857142,1.4335347354067597E-7,0,17930687
\SYN\SYN685-1.spass,0,14,7,14,7,152377,0.0,0.0,0.0,0.0,0,15324497
\SYN\SYN657-1.spass,1,18,9,18,8,3464000,0.0,0.0,0.05555555555555555,2.886836027713626E-7,1,11072166
\SWV\SWV330-2.spass,0,3,1,3,1,119217,0.0,0.0,0.0,0.0,0,1695879
\LCL\LCL447-2.spass,0,7,3,7,3,106190,0.0,0.0,0.0,0.0,0,4214434
\SWV\SWV289-2.spass,0,18,8,18,8,409364,0.0,0.0,0.0,0.0,0,19305234
\SWV\SWV287-2.spass,0,18,8,18,8,235275,0.0,0.0,0.0,0.0,0,17615671
\SYN\SYN084-2.spass,0,40,22,40,22,2961473,0.0,0.0,0.0,0.0,0,7696987
\SWV\SWV246-2.spass,1,19,11,19,10,5144483,-0.05263157894736842,-1.943829924212015E-7,0.05263157894736842,1.943829924212015E-7,1,7430525
\COL\COL119-2.spass,0,5,2,5,2,92374,0.0,0.0,0.0,0.0,0,2972131
\SWV\SWV259-2.spass,0,9,4,9,4,316991,0.0,0.0,0.0,0.0,0,3979948
\SWV\SWV244-2.spass,0,13,7,13,7,434233,0.0,0.0,0.0,0.0,0,3869811
\SYN\SYN684-1.spass,0,14,7,14,7,75399,0.0,0.0,0.0,0.0,0,4236541
\SYN\SYN682-1.spass,0,14,7,14,7,74215,0.0,0.0,0.0,0.0,0,3807044
\SET\SET589+3.spass,0,11,5,11,5,65135,0.0,0.0,0.0,0.0,0,3924682
\SYN\SYN585-1.spass,0,13,6,13,6,83689,0.0,0.0,0.0,0.0,0,7315651
\SYN\SYN583-1.spass,0,18,9,19,9,2789753,-0.05555555555555555,-3.5845467322734306E-7,0.0,0.0,1,4625377
\SWV\SWV271-2.spass,0,18,9,18,9,303569,0.0,0.0,0.0,0.0,0,4853547
\GRP\GRP003-1.spass,1,15,10,18,9,34739078,-0.2,-8.63580777820298E-8,0.06666666666666667,2.8786025927343263E-8,3,29556699
\SYN\SYN555-1.spass,0,11,5,11,5,178825,0.0,0.0,0.0,0.0,0,3358205
\COL\COL101-2.spass,0,3,1,3,1,62372,0.0,0.0,0.0,0.0,0,2662247
\GRP\GRP031-2.spass,0,12,7,12,7,36083229,0.0,0.0,0.0,0.0,0,25764655
\SYN\SYN582-1.spass,0,15,7,15,7,75398,0.0,0.0,0.0,0.0,0,3641641
\MGT\MGT036+2.spass,1,36,23,41,17,5597666,-0.1388888888888889,-8.932294281223639E-7,0.16666666666666666,1.0718753137468366E-6,8,10738991
\RNG\RNG039-2.spass,0,36,20,36,20,5398313,0.0,0.0,0.0,0.0,0,9090482
\LAT\LAT273-2.spass,1,16,9,15,6,3771911,0.0625,2.6511760219156817E-7,0.1875,7.953528065747044E-7,1,8859944
\SYN\SYN669-1.spass,0,14,7,14,7,78952,0.0,0.0,0.0,0.0,0,3714670
\SYN\SYN667-1.spass,0,14,7,14,7,74609,0.0,0.0,0.0,0.0,0,3666905
\SWV\SWV355-2.spass,0,15,8,15,8,101058,0.0,0.0,0.0,0.0,0,4519582
\CSR\CSR046+1.spass,0,3,1,3,1,22896,0.0,0.0,0.0,0.0,0,770962
\SEU\SEU163+1.spass,0,5,2,5,2,41055,0.0,0.0,0.0,0.0,0,1674957
\SWV\SWV312-2.spass,0,5,2,5,2,64741,0.0,0.0,0.0,0.0,0,2462894
\SET\SET833-2.spass,0,7,3,7,3,37107,0.0,0.0,0.0,0.0,0,1423102
\SWV\SWV310-2.spass,0,5,2,5,2,63951,0.0,0.0,0.0,0.0,0,2429735
\SET\SET846-2.spass,0,9,4,9,4,73820,0.0,0.0,0.0,0.0,0,2302227
\SYN\SYN339-1.spass,0,3,1,3,1,22106,0.0,0.0,0.0,0.0,0,689642
\LCL\LCL429-2.spass,0,17,9,17,9,343044,0.0,0.0,0.0,0.0,0,9581955
\SWV\SWV011-1.spass,0,5,2,5,2,28422,0.0,0.0,0.0,0.0,0,1027554
\LAT\LAT272-2.spass,0,7,3,7,3,46187,0.0,0.0,0.0,0.0,0,1549819
\LAT\LAT270-2.spass,0,9,4,9,4,51713,0.0,0.0,0.0,0.0,0,1819833
\SYN\SYN666-1.spass,0,14,7,14,7,63161,0.0,0.0,0.0,0.0,0,3402812
\SYN\SYN679-1.spass,0,14,7,14,7,148034,0.0,0.0,0.0,0.0,0,4026530
\SYN\SYN664-1.spass,0,14,7,14,7,71056,0.0,0.0,0.0,0.0,0,3793227
\CSR\CSR058+1.spass,0,5,2,5,2,22107,0.0,0.0,0.0,0.0,0,938734
\SYN\SYN636-1.spass,1,23,14,23,13,20505298,0.0,0.0,0.043478260869565216,4.876788428044303E-8,1,14189173
\SYN\SYN621-1.spass,0,12,5,12,5,115269,0.0,0.0,0.0,0.0,0,6009793
\SET\SET830-2.spass,0,23,11,23,11,280278,0.0,0.0,0.0,0.0,0,9843680
\SYN\SYN336-1.spass,0,3,1,3,1,36317,0.0,0.0,0.0,0.0,0,1199274
\SYN\SYN066-1.spass,0,8,4,8,4,556608,0.0,0.0,0.0,0.0,0,1965499
\MGT\MGT036-1.spass,0,26,15,26,15,8449396,0.0,0.0,0.0,0.0,0,13003321
\MGT\MGT006-1.spass,0,45,26,45,26,652855934,0.0,0.0,0.0,0.0,0,919069130
\LCL\LCL440-2.spass,0,3,1,3,1,28818,0.0,0.0,0.0,0.0,0,924523
\SWV\SWV293-2.spass,1,20,11,22,10,4163116,-0.1,-4.804093856620858E-7,0.05,2.402046928310429E-7,2,8933369
\SYN\SYN562-1.spass,1,12,6,13,5,2148272,-0.08333333333333333,-4.6549040344984247E-7,0.08333333333333333,4.6549040344984247E-7,1,5208434
\COL\COL110-2.spass,0,18,8,18,8,193036,0.0,0.0,0.0,0.0,0,11800495
\COL\COL123-2.spass,0,19,8,19,8,406995,0.0,0.0,0.0,0.0,0,18697702
\COM\COM001-1.spass,0,13,6,13,6,55661,0.0,0.0,0.0,0.0,0,4560242
\SEU\SEU158+3.spass,0,9,3,9,3,40660,0.0,0.0,0.0,0.0,0,2271041
\SWV\SWV309-2.spass,0,5,2,5,2,102242,0.0,0.0,0.0,0.0,0,3951525
\ANA\ANA041-2.spass,0,3,1,3,1,37897,0.0,0.0,0.0,0.0,0,1008607
\SYN\SYN561-1.spass,0,20,12,24,12,29393663,-0.25,-1.701046922937097E-7,0.0,0.0,4,8740727
\SET\SET828-2.spass,0,7,3,7,3,51713,0.0,0.0,0.0,0.0,0,1624033
\MSC\MSC005-1.spass,0,14,6,14,6,78162,0.0,0.0,0.0,0.0,0,3109507
\MSC\MSC003-1.spass,1,15,7,16,6,1475605,-0.06666666666666667,-6.776881346972937E-7,0.06666666666666667,6.776881346972937E-7,2,3670063
\SYN\SYN006-1.spass,0,13,6,13,6,65530,0.0,0.0,0.0,0.0,0,3916392
\SYN\SYN648-1.spass,0,15,7,15,7,468183,0.0,0.0,0.0,0.0,0,15133039
\SWV\SWV336-2.spass,0,3,1,3,1,43818,0.0,0.0,0.0,0.0,0,1327965
\SWV\SWV334-2.spass,0,3,1,3,1,24475,0.0,0.0,0.0,0.0,0,755566
\SYN\SYN618-1.spass,0,23,12,24,12,2251304,-0.043478260869565216,-4.441870133931268E-7,0.0,0.0,1,5343047
\SET\SET827-2.spass,0,7,3,7,3,36318,0.0,0.0,0.0,0.0,0,1707327
\SET\SET009+3.spass,0,25,13,25,13,217511,0.0,0.0,0.0,0.0,0,19940400
\LCL\LCL437-2.spass,0,5,2,5,2,49739,0.0,0.0,0.0,0.0,0,1623244
\SWV\SWV333-2.spass,0,3,1,3,1,31581,0.0,0.0,0.0,0.0,0,887416
\SET\SET055-6.spass,0,9,3,9,3,67108,0.0,0.0,0.0,0.0,0,3081874
\SYN\SYN589-1.spass,0,7,3,7,3,145666,0.0,0.0,0.0,0.0,0,4348256
\LCL\LCL435-2.spass,0,5,2,5,2,74215,0.0,0.0,0.0,0.0,0,1715222
\SYN\SYN559-1.spass,0,20,12,24,12,17739625,-0.25,-2.818548870114222E-7,0.0,0.0,4,6307834
\TOP\TOP002-2.spass,0,5,2,5,2,42634,0.0,0.0,0.0,0.0,0,1217038
\SYN\SYN073-1.spass,0,4,2,4,2,2301833,0.0,0.0,0.0,0.0,0,1287305
\SWV\SWV273-2.spass,0,11,5,11,5,109743,0.0,0.0,0.0,0.0,0,3514529
\SWV\SWV288-2.spass,0,17,8,17,8,156719,0.0,0.0,0.0,0.0,0,6300729
\COL\COL105-2.spass,0,5,2,5,2,42239,0.0,0.0,0.0,0.0,0,1745619
\SWV\SWV245-2.spass,1,19,11,20,10,3096875,-0.05263157894736842,-3.229061553985873E-7,0.05263157894736842,3.229061553985873E-7,1,7263543
\MGT\MGT017-1.spass,1,42,23,38,18,1829647414,0.09523809523809523,2.186213567375337E-9,0.11904761904761904,2.7327669592191712E-9,2,576242529
\MGT\MGT015-1.spass,1,42,23,38,18,1693339923,0.09523809523809523,2.362195531841837E-9,0.11904761904761904,2.952744414802296E-9,2,367148416
\SYN\SYN670-1.spass,0,14,7,14,7,69872,0.0,0.0,0.0,0.0,0,4128771
\SWB\SWB012+2.spass,1,41,22,41,20,161393953,0.0,0.0,0.04878048780487805,1.2392038009007686E-8,1,118922359
\SYN\SYN586-1.spass,0,14,7,14,7,169746,0.0,0.0,0.0,0.0,0,3891522
\LCL\LCL432-2.spass,0,5,2,5,2,46187,0.0,0.0,0.0,0.0,0,1105322
\TOP\TOP001-2.spass,0,33,16,33,16,195010,0.0,0.0,0.0,0.0,0,15769783
\SWV\SWV272-2.spass,0,18,9,18,9,353308,0.0,0.0,0.0,0.0,0,4803413
\GRP\GRP004-1.spass,1,12,7,13,6,23649938,-0.08333333333333333,-4.228340894593466E-8,0.08333333333333333,4.228340894593466E-8,1,38409931
\COL\COL104-2.spass,0,11,5,11,5,195011,0.0,0.0,0.0,0.0,0,4544846
\SWV\SWV011+1.spass,0,5,2,5,2,29607,0.0,0.0,0.0,0.0,0,1102559
\SEU\SEU167+3.spass,0,11,5,11,5,74215,0.0,0.0,0.0,0.0,0,2584479
\SEU\SEU167+1.spass,0,11,5,11,5,60004,0.0,0.0,0.0,0.0,0,2328676
\SWV\SWV357-2.spass,0,9,4,9,4,69082,0.0,0.0,0.0,0.0,0,3191222
\SWV\SWV329-2.spass,1,20,10,22,9,2698169,-0.1,-7.412434135889932E-7,0.05,3.706217067944966E-7,2,6908656
\SWV\SWV314-2.spass,0,13,6,13,6,116848,0.0,0.0,0.0,0.0,0,5046583
\SYN\SYN581-1.spass,0,18,9,19,9,1522975,-0.05555555555555555,-6.566095963492506E-7,0.0,0.0,1,4081006
\GEO\GEO002-4.spass,0,23,14,23,14,26296000,0.0,0.0,0.0,0.0,0,15917028
\MGT\MGT036+1.spass,1,34,21,39,14,7745148,-0.14705882352941177,-6.45565455947388E-7,0.20588235294117646,9.037916383263431E-7,8,12909763
\SWV\SWV358-2.spass,0,15,8,15,8,93558,0.0,0.0,0.0,0.0,0,6030320
\SWV\SWV356-2.spass,0,7,3,7,3,42634,0.0,0.0,0.0,0.0,0,1487053
\SWV\SWV315-2.spass,0,24,10,24,10,159088,0.0,0.0,0.0,0.0,0,7183407
\SWV\SWV300-2.spass,1,29,15,31,14,3271357,-0.06896551724137931,-6.11367087114002E-7,0.034482758620689655,3.05683543557001E-7,2,8607299
\SWV\SWV328-2.spass,1,16,8,17,7,1531660,-0.0625,-6.528864108222451E-7,0.0625,6.528864108222451E-7,1,6079664
\SWV\SWV313-2.spass,0,15,7,15,7,126718,0.0,0.0,0.0,0.0,0,4873679
\SET\SET819-2.spass,0,3,1,3,1,31185,0.0,0.0,0.0,0.0,0,922943
\SYN\SYN710-1.spass,0,16,7,16,7,101848,0.0,0.0,0.0,0.0,0,4683801
\SET\SET915+1.spass,0,5,2,5,2,30001,0.0,0.0,0.0,0.0,0,793068
\CSR\CSR072+1.spass,0,3,1,3,1,14212,0.0,0.0,0.0,0.0,0,468182
\LCL\LCL442-2.spass,0,32,16,32,16,267251,0.0,0.0,0.0,0.0,0,15517928
\SYN\SYN622-1.spass,0,14,7,14,7,194221,0.0,0.0,0.0,0.0,0,11251386
\SWV\SWV299-2.spass,0,23,15,23,15,226986,0.0,0.0,0.0,0.0,0,10230937
\SYN\SYN352-1.spass,0,17,8,17,8,140534,0.0,0.0,0.0,0.0,0,11418368
\ANA\ANA003-4.spass,0,29,12,29,12,298437,0.0,0.0,0.0,0.0,0,10143696
\SYN\SYN568-1.spass,0,13,6,13,6,83294,0.0,0.0,0.0,0.0,0,3198327
\SWV\SWV269-2.spass,0,5,2,5,2,36713,0.0,0.0,0.0,0.0,0,928470
\COL\COL114-2.spass,0,5,2,5,2,48555,0.0,0.0,0.0,0.0,0,1309411
\SYN\SYN065-1.spass,0,7,3,7,3,58424,0.0,0.0,0.0,0.0,0,1200853
\MGT\MGT009-1.spass,0,37,19,37,19,1369648416,0.0,0.0,0.0,0.0,0,175753661
\GRP\GRP028-3.spass,0,8,4,8,4,997552,0.0,0.0,0.0,0.0,0,12287231
\LCL\LCL441-2.spass,0,7,4,7,4,118033,0.0,0.0,0.0,0.0,0,3821650
\COL\COL113-2.spass,0,3,1,3,1,20922,0.0,0.0,0.0,0.0,0,692405
\SWV\SWV266-2.spass,0,5,2,5,2,26449,0.0,0.0,0.0,0.0,0,866494
\COL\COL111-2.spass,0,5,2,5,2,35528,0.0,0.0,0.0,0.0,0,1163746
\SET\SET786-1.spass,1,11,5,10,4,1734171,0.09090909090909091,5.76644402426289E-7,0.09090909090909091,5.76644402426289E-7,0,3135956
\COM\COM002-1.spass,0,19,10,19,10,62372,0.0,0.0,0.0,0.0,0,3628613
\ANA\ANA042-2.spass,0,3,1,3,1,39476,0.0,0.0,0.0,0.0,0,847150
\MSC\MSC004-1.spass,1,20,10,21,9,2448682,-0.05,-4.083829586691943E-7,0.05,4.083829586691943E-7,2,6659563
\SWV\SWV009-1.spass,1,21,13,19,10,1578637,0.09523809523809523,1.2669157000627756E-6,0.14285714285714285,1.9003735500941634E-6,0,3635324
\SYN\SYN370+1.spass,0,4,2,4,2,414496,0.0,0.0,0.0,0.0,0,1314544
\SWV\SWV337-2.spass,1,23,13,23,12,3614797,0.0,0.0,0.043478260869565216,2.7664070762479886E-7,0,10317390
\SEU\SEU158+1.spass,0,9,3,9,3,62371,0.0,0.0,0.0,0.0,0,1591269
\SWV\SWV335-2.spass,1,18,9,19,8,1654825,-0.05555555555555555,-6.042935053555512E-7,0.05555555555555555,6.042935053555512E-7,1,6774833
\SYN\SYN619-1.spass,1,24,12,24,11,3251620,0.0,0.0,0.041666666666666664,3.075390113235864E-7,1,10806099
\SWV\SWV279-2.spass,0,19,11,19,11,557793,0.0,0.0,0.0,0.0,0,11544296
\COL\COL109-2.spass,0,14,7,14,7,139349,0.0,0.0,0.0,0.0,0,15788731
\SYN\SYN034-1.spass,1,11,5,10,4,1744435,0.09090909090909091,5.732515112342965E-7,0.09090909090909091,5.732515112342965E-7,0,4219172
\SYN\SYN676-1.spass,0,14,7,14,7,69082,0.0,0.0,0.0,0.0,0,3258726
\SYN\SYN661-1.spass,0,14,7,14,7,68687,0.0,0.0,0.0,0.0,0,3158457
\SYN\SYN674-1.spass,0,14,7,14,7,68293,0.0,0.0,0.0,0.0,0,3283200
\PUZ\PUZ035-7.spass,1,28,19,30,16,9095219,-0.07142857142857142,-2.1989574962406072E-7,0.10714285714285714,3.298436244360911E-7,3,11505215
\SET\SET055-7.spass,0,6,2,6,2,31186,0.0,0.0,0.0,0.0,0,1045714
\LCL\LCL438-2.spass,0,10,5,10,5,105795,0.0,0.0,0.0,0.0,0,6331125
\SYN\SYN346-1.spass,1,4,2,4,1,461471,0.0,0.0,0.25,2.1669834074080495E-6,0,1363098
\SWV\SWV263-2.spass,0,9,4,9,4,70267,0.0,0.0,0.0,0.0,0,2837518
\PUZ\PUZ047+1.spass,0,16,8,16,8,135402,0.0,0.0,0.0,0.0,0,4030476
\SYN\SYN031-1.spass,1,8,4,8,3,1905100,0.0,0.0,0.125,5.249068290378458E-7,0,3186090
\MGT\MGT018-1.spass,1,40,21,38,17,275176960,0.05,7.268050348401261E-9,0.1,1.4536100696802523E-8,2,248650421
\MGT\MGT016-1.spass,1,40,21,38,17,270718960,0.05,7.3877352365715356E-9,0.1,1.4775470473143071E-8,2,244673237
\SYN\SYN671-1.spass,0,14,7,14,7,119217,0.0,0.0,0.0,0.0,0,5326467
\SYN\SYN630-1.spass,0,11,5,11,5,146060,0.0,0.0,0.0,0.0,0,5569243
\CSR\CSR050+1.spass,0,26,14,26,14,84478,0.0,0.0,0.0,0.0,0,6452710
\PUZ\PUZ035-6.spass,0,9,6,9,6,116453,0.0,0.0,0.0,0.0,0,2899102
\SYN\SYN587-1.spass,0,16,8,16,8,144087,0.0,0.0,0.0,0.0,0,4002844
\COL\COL120-2.spass,0,5,2,5,2,50529,0.0,0.0,0.0,0.0,0,1291648
\SYN\SYN570-1.spass,0,22,11,22,11,88820,0.0,0.0,0.0,0.0,0,4584322
\SYN\SYN717-1.spass,1,16,8,17,7,2636588,-0.0625,-3.792780669562328E-7,0.0625,3.792780669562328E-7,1,4681828
\PUZ\PUZ047-1.spass,0,16,8,16,8,75004,0.0,0.0,0.0,0.0,0,3424523
\SET\SET590+3.spass,0,8,3,8,3,57635,0.0,0.0,0.0,0.0,0,3177010
\SYN\SYN082+1.spass,1,9,4,10,3,604769,-0.1111111111111111,-1.6535239074754162E-6,0.1111111111111111,1.6535239074754162E-6,1,1719564
\SYN\SYN571-1.spass,0,16,8,17,8,1977736,-0.0625,-5.056286582233422E-7,0.0,0.0,1,6190197
\GRP\GRP001+6.spass,1,26,16,28,14,32475933,-0.07692307692307693,-6.158406596047602E-8,0.07692307692307693,6.158406596047602E-8,2,35641890
\SYN\SYN727-1.spass,0,5,2,5,2,32370,0.0,0.0,0.0,0.0,0,1099795
\SYN\SYN656-1.spass,1,19,10,21,9,3868232,-0.10526315789473684,-5.170320704652668E-7,0.05263157894736842,2.585160352326334E-7,2,7176302
\CSR\CSR035+1.spass,0,5,2,5,2,34739,0.0,0.0,0.0,0.0,0,1087952
\SYN\SYN613-1.spass,0,20,11,20,11,108163,0.0,0.0,0.0,0.0,0,4462342
\SYN\SYN626-1.spass,1,16,8,18,7,1478368,-0.125,-1.3528431351327952E-6,0.0625,6.764215675663976E-7,2,3874152
\TOP\TOP022+1.spass,0,13,6,13,6,124349,0.0,0.0,0.0,0.0,0,3347941
\SET\SET835-2.spass,0,7,3,7,3,41055,0.0,0.0,0.0,0.0,0,1987211
\SWV\SWV258-2.spass,0,11,5,11,5,112506,0.0,0.0,0.0,0.0,0,4757226
\SYN\SYN014-2.spass,0,10,5,10,5,52108,0.0,0.0,0.0,0.0,0,2897522
\SET\SET631+3.spass,1,12,6,13,5,1153087,-0.08333333333333333,-8.672372509619829E-7,0.08333333333333333,8.672372509619829E-7,1,2738040
\SYN\SYN655-1.spass,0,17,9,17,9,242776,0.0,0.0,0.0,0.0,0,16168489
\SYN\SYN668-1.spass,0,14,7,14,7,76188,0.0,0.0,0.0,0.0,0,4165483
\SYN\SYN653-1.spass,0,18,9,18,9,234092,0.0,0.0,0.0,0.0,0,11185856
\SWV\SWV341-2.spass,0,7,3,7,3,48160,0.0,0.0,0.0,0.0,0,1399416
\SYN\SYN340-1.spass,0,3,1,3,1,22896,0.0,0.0,0.0,0.0,0,722012
\TOP\TOP021+1.spass,0,9,4,9,4,67109,0.0,0.0,0.0,0.0,0,3554399
\SET\SET834-2.spass,0,23,11,23,11,189879,0.0,0.0,0.0,0.0,0,7516188
\SYN\SYN312-1.spass,0,21,13,21,13,90005,0.0,0.0,0.0,0.0,0,3897048
\COL\COL117-2.spass,0,14,7,14,7,141323,0.0,0.0,0.0,0.0,0,7525662
\SWV\SWV257-2.spass,0,5,2,5,2,28422,0.0,0.0,0.0,0.0,0,981368
\SYN\SYN310-1.spass,0,19,13,19,13,70267,0.0,0.0,0.0,0.0,0,3640851
\SWV\SWV255-2.spass,0,12,6,12,6,151587,0.0,0.0,0.0,0.0,0,3370048
\SET\SET832-2.spass,0,7,3,7,3,70662,0.0,0.0,0.0,0.0,0,1449156
\SYN\SYN325-1.spass,0,6,3,6,3,873993,0.0,0.0,0.0,0.0,0,1896417
\SWB\SWB024+2.spass,0,24,12,24,12,122375,0.0,0.0,0.0,0.0,0,7183802
\SYN\SYN680-1.spass,0,14,7,14,7,65136,0.0,0.0,0.0,0.0,0,3207013
\SYN\SYN596-1.spass,0,13,6,13,6,81715,0.0,0.0,0.0,0.0,0,3138324
\SYN\SYN594-1.spass,0,23,12,23,12,270015,0.0,0.0,0.0,0.0,0,10086061
\SYN\SYN079+1.spass,0,7,3,7,3,41449,0.0,0.0,0.0,0.0,0,1575478
\SYN\SYN566-1.spass,0,32,18,32,18,465814,0.0,0.0,0.0,0.0,0,8889156
\GRP\GRP012+5.spass,0,21,13,21,13,21131383,0.0,0.0,0.0,0.0,0,54364857
\SWV\SWV280-2.spass,0,5,2,5,2,35923,0.0,0.0,0.0,0.0,0,1479947
\SET\SET046-5.spass,1,11,5,10,4,3370836,0.09090909090909091,2.9666231166393145E-7,0.09090909090909091,2.9666231166393145E-7,0,4452079
\COL\COL112-2.spass,0,5,2,5,2,44213,0.0,0.0,0.0,0.0,0,2001027
\COM\COM002-2.spass,0,21,12,21,12,77767,0.0,0.0,0.0,0.0,0,6190986
\SET\SET899+1.spass,0,7,3,7,3,47371,0.0,0.0,0.0,0.0,0,1164535
\SYN\SYN593-1.spass,0,13,6,13,6,202511,0.0,0.0,0.0,0.0,0,8998898
\LAT\LAT271-2.spass,0,7,3,7,3,54477,0.0,0.0,0.0,0.0,0,2266304
\SWV\SWV364-2.spass,0,9,4,9,4,61977,0.0,0.0,0.0,0.0,0,2950419
\SWV\SWV323-2.spass,0,37,17,37,17,445681,0.0,0.0,0.0,0.0,0,21630752
\SET\SET859-2.spass,0,7,3,7,3,53687,0.0,0.0,0.0,0.0,0,2031818
\SWV\SWV321-2.spass,0,24,10,24,10,164219,0.0,0.0,0.0,0.0,0,10846760
\SET\SET829-2.spass,0,7,3,7,3,302384,0.0,0.0,0.0,0.0,0,1948919
\SWV\SWV239-2.spass,0,12,5,12,5,167378,0.0,0.0,0.0,0.0,0,6181117
\SYN\SYN035-1.spass,0,9,6,9,6,199747,0.0,0.0,0.0,0.0,0,4373126
\SYN\SYN048-1.spass,0,3,1,3,1,35133,0.0,0.0,0.0,0.0,0,878336
\SYN\SYN677-1.spass,0,14,7,14,7,87636,0.0,0.0,0.0,0.0,0,5114877
\CSR\CSR054+1.spass,0,5,2,5,2,28423,0.0,0.0,0.0,0.0,0,1292437
\SYN\SYN632-1.spass,1,24,13,26,11,5013029,-0.08333333333333333,-3.989603890182961E-7,0.08333333333333333,3.989603890182961E-7,2,13562298
\LCL\LCL439-2.spass,0,13,6,13,6,105006,0.0,0.0,0.0,0.0,0,3820071
\SWV\SWV320-2.spass,0,7,3,7,3,35923,0.0,0.0,0.0,0.0,0,1401390
\SYN\SYN604-1.spass,1,26,15,31,14,5410155,-0.19230769230769232,-9.241879391625564E-7,0.038461538461538464,1.8483758783251127E-7,5,9099562
\COL\COL124-2.spass,0,6,2,6,2,62767,0.0,0.0,0.0,0.0,0,4480106
\SWV\SWV264-2.spass,0,5,2,5,2,30397,0.0,0.0,0.0,0.0,0,1005448
\COL\COL122-2.spass,0,5,2,5,2,43029,0.0,0.0,0.0,0.0,0,1361915
\TOP\TOP004-2.spass,0,3,1,3,1,24870,0.0,0.0,0.0,0.0,0,683720
\SWV\SWV277-2.spass,0,9,4,9,4,50924,0.0,0.0,0.0,0.0,0,1869178
\PUZ\PUZ008-3.spass,0,49,31,49,31,812807,0.0,0.0,0.0,0.0,0,77481082
\MGT\MGT004-1.spass,0,47,29,47,29,1485850895,0.0,0.0,0.0,0.0,0,1530475103
\SWB\SWB003+2.spass,0,3,1,3,1,33159,0.0,0.0,0.0,0.0,0,936760
\MGT\MGT002-1.spass,1,31,17,30,13,69184852,0.03225806451612903,1.4454031064487932E-8,0.12903225806451613,5.781612425795173E-8,3,67563582
\SWV\SWV291-2.spass,0,23,11,23,11,218696,0.0,0.0,0.0,0.0,0,9071928
\PUZ\PUZ035-5.spass,0,9,6,9,6,114480,0.0,0.0,0.0,0.0,0,2128139
\SYN\SYN588-1.spass,0,7,3,7,3,76583,0.0,0.0,0.0,0.0,0,3295438
\SWB\SWB030+2.spass,1,22,12,25,10,2655535,-0.13636363636363635,-1.1297158576332077E-6,0.09090909090909091,7.531439050888051E-7,3,4897760
\MGT\MGT003-1.spass,1,31,17,30,13,66950524,0.03225806451612903,1.4936402887601E-8,0.12903225806451613,5.9745611550404E-8,3,109640025
\COM\COM011-2.spass,0,27,15,27,15,2961867,0.0,0.0,0.0,0.0,0,11763387
\SWV\SWV305-2.spass,1,30,16,29,15,3270568,0.03333333333333333,3.0575728741918836E-7,0.03333333333333333,3.0575728741918836E-7,0,13387421
\SET\SET836-2.spass,0,7,3,7,3,45397,0.0,0.0,0.0,0.0,0,1374546
\SYN\SYN654-1.spass,0,17,9,17,9,230539,0.0,0.0,0.0,0.0,0,14783284
\LCL\LCL433-2.spass,0,15,7,15,7,195405,0.0,0.0,0.0,0.0,0,5665959
\SET\SET850-2.spass,0,7,3,7,3,54082,0.0,0.0,0.0,0.0,0,2158140
\CAT\CAT007-3.spass,0,7,3,7,3,35528,0.0,0.0,0.0,0.0,0,1145192
\SYN\SYN557-1.spass,0,16,9,16,9,82899,0.0,0.0,0.0,0.0,0,5822282
\SYN\SYN341-1.spass,0,3,1,3,1,24081,0.0,0.0,0.0,0.0,0,589373
\SWV\SWV286-2.spass,0,16,7,16,7,411337,0.0,0.0,0.0,0.0,0,7989897
\SYN\SYN354-1.spass,0,14,7,14,7,1576662,0.0,0.0,0.0,0.0,0,4465500
\COL\COL118-2.spass,0,9,4,9,4,90794,0.0,0.0,0.0,0.0,0,3866257
\SWV\SWV284-2.spass,0,12,6,12,6,1007421,0.0,0.0,0.0,0.0,0,8942448
\COL\COL103-2.spass,0,3,1,3,1,34344,0.0,0.0,0.0,0.0,0,1359151
\SYN\SYN311-1.spass,0,19,13,19,13,110532,0.0,0.0,0.0,0.0,0,4952236
\SWV\SWV256-2.spass,0,5,2,5,2,63161,0.0,0.0,0.0,0.0,0,1935103
\SYN\SYN082-1.spass,0,15,5,15,5,114875,0.0,0.0,0.0,0.0,0,5237646
\COL\COL116-2.spass,0,3,1,3,1,103032,0.0,0.0,0.0,0.0,0,2484211
\SYN\SYN683-1.spass,0,14,7,14,7,68293,0.0,0.0,0.0,0.0,0,4296543
\SYN\SYN681-1.spass,0,14,7,14,7,75005,0.0,0.0,0.0,0.0,0,3217670
\SET\SET588+3.spass,0,22,11,22,11,140929,0.0,0.0,0.0,0.0,0,11634301
\LCL\LCL445-2.spass,0,13,7,13,7,130270,0.0,0.0,0.0,0.0,0,5922946
\LCL\LCL430-2.spass,0,17,9,17,9,301200,0.0,0.0,0.0,0.0,0,9628142
\LCL\LCL443-2.spass,0,17,9,17,9,163825,0.0,0.0,0.0,0.0,0,7250121
\ANA\ANA004-4.spass,0,31,13,31,13,202116,0.0,0.0,0.0,0.0,0,13085826
\SYN\SYN569-1.spass,1,31,20,33,18,82082774,-0.06451612903225806,-2.436564826622453E-8,0.06451612903225806,2.436564826622453E-8,3,70402286
\SYN\SYN554-1.spass,1,21,13,22,11,6885760,-0.047619047619047616,-1.4522725160330887E-7,0.09523809523809523,2.9045450320661774E-7,2,5981764
\SWV\SWV283-2.spass,0,14,6,14,6,223433,0.0,0.0,0.0,0.0,0,7091428
\COL\COL102-2.spass,0,11,5,11,5,116059,0.0,0.0,0.0,0.0,0,5765437
\SWV\SWV242-2.spass,0,15,8,15,8,91189,0.0,0.0,0.0,0.0,0,4737488
\COL\COL115-2.spass,0,5,2,5,2,91979,0.0,0.0,0.0,0.0,0,1997474
\SWV\SWV270-2.spass,0,18,9,18,9,320543,0.0,0.0,0.0,0.0,0,4266148
\SWV\SWV240-2.spass,0,12,5,12,5,147244,0.0,0.0,0.0,0.0,0,4840915
\SEU\SEU264+1.spass,1,12,6,14,5,956498,-0.16666666666666666,-2.0909609847589855E-6,0.08333333333333333,1.0454804923794927E-6,2,2061820
\SEU\SEU163+3.spass,0,5,2,5,2,36713,0.0,0.0,0.0,0.0,0,868862
\SET\SET818-2.spass,0,3,1,3,1,20922,0.0,0.0,0.0,0.0,0,523844
\RNG\RNG038-2.spass,1,12,6,13,5,885441,-0.08333333333333333,-1.129380726666147E-6,0.08333333333333333,1.129380726666147E-6,1,2475921
\SYN\SYN338-1.spass,0,3,1,3,1,19343,0.0,0.0,0.0,0.0,0,563714
