proof,compressed?,length,resOnlyLength,compressedLengthAll,compressedLengthResOnly,compressTime,compressRatio,compressSpeed,compressRatioRes,compressSpeedRes,numFOSub,totalTime
\SYN\SYN079-1.spass,0,7,3,7,3,5324889,0.0,0.0,0.0,0.0,0,198882993
\SYN\SYN064-1.spass,0,3,1,3,1,84478,0.0,0.0,0.0,0.0,0,9604461
\KRS\KRS017-1.spass,1,9,4,11,3,35080558,-0.2222222222222222,-5.701163590385307E-8,0.1111111111111111,2.8505817951926535E-8,2,30525446
\SYN\SYN665-1.spass,0,14,7,14,7,358835,0.0,0.0,0.0,0.0,0,45109778
\GRP\GRP028-4.spass,0,8,4,8,4,7543034,0.0,0.0,0.0,0.0,0,104144247
\CSR\CSR070+1.spass,0,17,8,17,8,241592,0.0,0.0,0.0,0.0,0,22348036
\SYN\SYN678-1.spass,0,14,7,14,7,316991,0.0,0.0,0.0,0.0,0,33430865
\SYN\SYN663-1.spass,0,14,7,14,7,242382,0.0,0.0,0.0,0.0,0,32745171
\MGT\MGT008-1.spass,1,37,20,36,16,668409260,0.02702702702702703,1.4960893869124434E-9,0.10810810810810811,5.984357547649774E-9,2,417082281
\SET\SET913+1.spass,0,5,2,5,2,68293,0.0,0.0,0.0,0.0,0,4247200
\SYN\SYN620-1.spass,0,15,7,15,7,208037,0.0,0.0,0.0,0.0,0,18536253
\SWV\SWV267-2.spass,0,7,3,7,3,77767,0.0,0.0,0.0,0.0,0,6257308
\SYN\SYN730+1.spass,0,4,2,4,2,517528,0.0,0.0,0.0,0.0,0,3462422
\SET\SET842-2.spass,0,15,6,15,6,222643,0.0,0.0,0.0,0.0,0,16736551
\SWV\SWV265-2.spass,0,5,2,5,2,55266,0.0,0.0,0.0,0.0,0,3875339
\SYN\SYN333-1.spass,0,9,6,9,6,437786,0.0,0.0,0.0,0.0,0,13219259
\MGT\MGT036-2.spass,0,26,15,26,15,10326473,0.0,0.0,0.0,0.0,0,18548490
\MGT\MGT007-1.spass,1,49,27,47,23,720613232,0.04081632653061224,2.775413926898306E-9,0.08163265306122448,5.550827853796612E-9,2,925578261
\SYN\SYN662-1.spass,0,14,7,14,7,163430,0.0,0.0,0.0,0.0,0,7988716
\SYN\SYN675-1.spass,0,14,7,14,7,128691,0.0,0.0,0.0,0.0,0,7937792
\SYN\SYN660-1.spass,0,14,7,14,7,138165,0.0,0.0,0.0,0.0,0,9426029
\SWB\SWB019+2.spass,0,7,3,7,3,69872,0.0,0.0,0.0,0.0,0,4654591
\CSR\CSR052+1.spass,0,25,15,25,15,126718,0.0,0.0,0.0,0.0,0,14478931
\SWV\SWV292-2.spass,1,34,18,36,16,7645277,-0.058823529411764705,-2.6159941621474277E-7,0.058823529411764705,2.6159941621474277E-7,3,36341021
\SWV\SWV290-2.spass,1,21,11,22,10,5827811,-0.047619047619047616,-1.715910141904053E-7,0.047619047619047616,1.715910141904053E-7,1,19182866
\SYN\SYN706-1.spass,0,18,8,18,8,271594,0.0,0.0,0.0,0.0,0,32197246
\SYN\SYN719-1.spass,0,17,8,17,8,237644,0.0,0.0,0.0,0.0,0,15971512
\PUZ\PUZ008-1.spass,0,5,2,5,2,88820,0.0,0.0,0.0,0.0,0,3910078
\SWV\SWV349-2.spass,0,3,1,3,1,95137,0.0,0.0,0.0,0.0,0,1809965
\SWV\SWV308-2.spass,0,40,21,40,21,6636275,0.0,0.0,0.0,0.0,0,40041876
\SYN\SYN731-1.spass,0,3,1,3,1,94347,0.0,0.0,0.0,0.0,0,1284937
\SWV\SWV331-2.spass,1,12,6,14,5,3002134,-0.16666666666666666,-6.66192781534735E-7,0.08333333333333333,3.330963907673675E-7,2,4888682
\SET\SET852-2.spass,0,13,5,13,5,297648,0.0,0.0,0.0,0.0,0,20001595
\SYN\SYN345-1.spass,0,20,7,20,7,3447816,0.0,0.0,0.0,0.0,0,8846920
\SET\SET826-2.spass,0,7,3,7,3,210011,0.0,0.0,0.0,0.0,0,2128140
\SET\SET824-2.spass,0,4,2,4,2,188300,0.0,0.0,0.0,0.0,0,1567189
\SYN\SYN343-1.spass,0,5,1,5,1,48555,0.0,0.0,0.0,0.0,0,2193670
\SWV\SWV247-2.spass,1,38,26,38,23,13554408,0.0,0.0,0.07894736842105263,2.2133021228223322E-7,2,29358937
\PLA\PLA003-1.spass,0,15,7,15,7,188694,0.0,0.0,0.0,0.0,0,10823078
\SYN\SYN687-1.spass,1,14,6,13,5,13788105,0.07142857142857142,7.252628261824232E-8,0.07142857142857142,7.252628261824232E-8,0,31409704
\SYN\SYN685-1.spass,0,14,7,14,7,157114,0.0,0.0,0.0,0.0,0,10471349
\SYN\SYN657-1.spass,1,18,9,18,8,5985714,0.0,0.0,0.05555555555555555,1.6706444711524807E-7,1,16804056
\SWV\SWV330-2.spass,0,3,1,3,1,103821,0.0,0.0,0.0,0.0,0,2066163
\LCL\LCL447-2.spass,0,7,3,7,3,96715,0.0,0.0,0.0,0.0,0,5962424
\SWV\SWV289-2.spass,0,18,8,18,8,396337,0.0,0.0,0.0,0.0,0,14331687
\SWV\SWV287-2.spass,0,18,8,18,8,297648,0.0,0.0,0.0,0.0,0,21167315
\SYN\SYN084-2.spass,0,40,22,40,22,4557086,0.0,0.0,0.0,0.0,0,11982087
\SWV\SWV246-2.spass,1,19,11,20,10,3447816,-0.05263157894736842,-2.900386795583059E-7,0.05263157894736842,2.900386795583059E-7,1,13059382
\COL\COL119-2.spass,0,5,2,5,2,61583,0.0,0.0,0.0,0.0,0,3169906
\SWV\SWV259-2.spass,0,9,4,9,4,93953,0.0,0.0,0.0,0.0,0,5249096
\SWV\SWV244-2.spass,0,13,7,13,7,390020,0.0,0.0,0.0,0.0,0,6154276
\SYN\SYN684-1.spass,0,14,7,14,7,118822,0.0,0.0,0.0,0.0,0,8431240
\SYN\SYN682-1.spass,0,14,7,14,7,78557,0.0,0.0,0.0,0.0,0,10231731
\SET\SET589+3.spass,0,11,5,11,5,95137,0.0,0.0,0.0,0.0,0,5379761
\SYN\SYN585-1.spass,0,13,6,13,6,101847,0.0,0.0,0.0,0.0,0,7404080
\SYN\SYN583-1.spass,0,18,9,19,9,16252579,-0.05555555555555555,-6.152869646103551E-8,0.0,0.0,1,7218148
\SWV\SWV271-2.spass,0,18,9,18,9,477657,0.0,0.0,0.0,0.0,0,7089457
\GRP\GRP003-1.spass,1,15,10,18,9,14695258,-0.2,-2.0414748757728514E-7,0.06666666666666667,6.804916252576171E-8,3,24033653
\SYN\SYN555-1.spass,0,11,5,11,5,120007,0.0,0.0,0.0,0.0,0,3875733
\COL\COL101-2.spass,0,3,1,3,1,72635,0.0,0.0,0.0,0.0,0,1809964
\GRP\GRP031-2.spass,0,12,7,12,7,7854103,0.0,0.0,0.0,0.0,0,9332867
\SYN\SYN582-1.spass,0,15,7,15,7,133428,0.0,0.0,0.0,0.0,0,7772388
\MGT\MGT036+2.spass,1,36,23,41,17,8573748,-0.1388888888888889,-5.83175526035988E-7,0.16666666666666666,6.998106312431856E-7,8,24150895
\RNG\RNG039-2.spass,0,36,20,36,20,6900764,0.0,0.0,0.0,0.0,0,16047700
\LAT\LAT273-2.spass,1,16,9,15,6,2641325,0.0625,3.7859786281506443E-7,0.1875,1.1357935884451931E-6,1,7674884
\SYN\SYN669-1.spass,0,14,7,14,7,127507,0.0,0.0,0.0,0.0,0,6058744
\SYN\SYN667-1.spass,0,14,7,14,7,80136,0.0,0.0,0.0,0.0,0,7271441
\SWV\SWV355-2.spass,0,15,8,15,8,138560,0.0,0.0,0.0,0.0,0,4685777
\CSR\CSR046+1.spass,0,3,1,3,1,24869,0.0,0.0,0.0,0.0,0,1261252
\SEU\SEU163+1.spass,0,5,2,5,2,46977,0.0,0.0,0.0,0.0,0,2287622
\SWV\SWV312-2.spass,0,5,2,5,2,77767,0.0,0.0,0.0,0.0,0,3263858
\SET\SET833-2.spass,0,7,3,7,3,61977,0.0,0.0,0.0,0.0,0,3200697
\SWV\SWV310-2.spass,0,5,2,5,2,90399,0.0,0.0,0.0,0.0,0,4628142
\SET\SET846-2.spass,0,9,4,9,4,132638,0.0,0.0,0.0,0.0,0,4404709
\SYN\SYN339-1.spass,0,3,1,3,1,33555,0.0,0.0,0.0,0.0,0,1205986
\LCL\LCL429-2.spass,0,17,9,17,9,341465,0.0,0.0,0.0,0.0,0,18321900
\SWV\SWV011-1.spass,0,5,2,5,2,40660,0.0,0.0,0.0,0.0,0,1541135
\LAT\LAT272-2.spass,0,7,3,7,3,67898,0.0,0.0,0.0,0.0,0,2807124
\LAT\LAT270-2.spass,0,9,4,9,4,81320,0.0,0.0,0.0,0.0,0,3829151
\SYN\SYN666-1.spass,0,14,7,14,7,119217,0.0,0.0,0.0,0.0,0,6400605
\SYN\SYN679-1.spass,0,14,7,14,7,106585,0.0,0.0,0.0,0.0,0,5379366
\SYN\SYN664-1.spass,0,14,7,14,7,72635,0.0,0.0,0.0,0.0,0,4895393
\CSR\CSR058+1.spass,0,5,2,5,2,26054,0.0,0.0,0.0,0.0,0,1201248
\SYN\SYN636-1.spass,1,23,14,23,13,14055751,0.0,0.0,0.043478260869565216,7.114525577466476E-8,1,19755266
\SYN\SYN621-1.spass,0,12,5,12,5,197774,0.0,0.0,0.0,0.0,0,10351342
\SET\SET830-2.spass,0,23,11,23,11,953341,0.0,0.0,0.0,0.0,0,16780765
\SYN\SYN336-1.spass,0,3,1,3,1,39476,0.0,0.0,0.0,0.0,0,1397443
\SYN\SYN066-1.spass,0,8,4,8,4,1038608,0.0,0.0,0.0,0.0,0,4272860
\MGT\MGT036-1.spass,0,26,15,26,15,9317077,0.0,0.0,0.0,0.0,0,14934087
\MGT\MGT006-1.spass,0,45,26,45,26,172237622,0.0,0.0,0.0,0.0,0,199185377
\LCL\LCL440-2.spass,0,3,1,3,1,41844,0.0,0.0,0.0,0.0,0,1390338
\SWV\SWV293-2.spass,1,20,11,22,10,2226040,-0.1,-8.984564518157805E-7,0.05,4.492282259078902E-7,2,11382056
\SYN\SYN562-1.spass,1,12,6,13,5,1286910,-0.08333333333333333,-7.770551165194148E-7,0.08333333333333333,7.770551165194148E-7,1,3495187
\COL\COL110-2.spass,0,18,8,18,8,316596,0.0,0.0,0.0,0.0,0,11621673
\COL\COL123-2.spass,0,19,8,19,8,394758,0.0,0.0,0.0,0.0,0,14763947
\COM\COM001-1.spass,0,13,6,13,6,56450,0.0,0.0,0.0,0.0,0,3810598
\SEU\SEU158+3.spass,0,9,3,9,3,45792,0.0,0.0,0.0,0.0,0,2354337
\SWV\SWV309-2.spass,0,5,2,5,2,65530,0.0,0.0,0.0,0.0,0,2694618
\ANA\ANA041-2.spass,0,3,1,3,1,20133,0.0,0.0,0.0,0.0,0,707801
\SYN\SYN561-1.spass,0,20,12,25,12,14803027,-0.25,-3.3776875499855536E-7,0.0,0.0,4,5080929
\SET\SET828-2.spass,0,7,3,7,3,39871,0.0,0.0,0.0,0.0,0,1568768
\MSC\MSC005-1.spass,0,14,6,14,6,72241,0.0,0.0,0.0,0.0,0,3113061
\MSC\MSC003-1.spass,1,15,7,16,6,1280990,-0.06666666666666667,-7.806462189400386E-7,0.06666666666666667,7.806462189400386E-7,2,3871786
\SYN\SYN006-1.spass,0,13,6,13,6,118033,0.0,0.0,0.0,0.0,0,5765834
\SYN\SYN648-1.spass,0,15,7,15,7,425155,0.0,0.0,0.0,0.0,0,10438979
\SWV\SWV336-2.spass,0,3,1,3,1,61188,0.0,0.0,0.0,0.0,0,1536003
\SWV\SWV334-2.spass,0,3,1,3,1,28817,0.0,0.0,0.0,0.0,0,960840
\SYN\SYN618-1.spass,0,23,12,24,12,2347625,-0.043478260869565216,-4.259624088174219E-7,0.0,0.0,1,7044850
\SET\SET827-2.spass,0,7,3,7,3,63556,0.0,0.0,0.0,0.0,0,2002212
\SET\SET009+3.spass,0,25,13,25,13,179220,0.0,0.0,0.0,0.0,0,12197230
\LCL\LCL437-2.spass,0,5,2,5,2,50529,0.0,0.0,0.0,0.0,0,1561662
\SWV\SWV333-2.spass,0,3,1,3,1,43028,0.0,0.0,0.0,0.0,0,1575479
\SET\SET055-6.spass,0,9,3,9,3,46976,0.0,0.0,0.0,0.0,0,3067269
\SYN\SYN589-1.spass,0,7,3,7,3,110927,0.0,0.0,0.0,0.0,0,3079506
\LCL\LCL435-2.spass,0,5,2,5,2,45397,0.0,0.0,0.0,0.0,0,1908654
\SYN\SYN559-1.spass,0,20,12,25,12,11964323,-0.25,-4.179091453816484E-7,0.0,0.0,4,4940395
\TOP\TOP002-2.spass,0,5,2,5,2,35133,0.0,0.0,0.0,0.0,0,1038214
\SYN\SYN073-1.spass,0,4,2,4,2,430681,0.0,0.0,0.0,0.0,0,916628
\SWV\SWV273-2.spass,0,11,5,11,5,79741,0.0,0.0,0.0,0.0,0,3316362
\SWV\SWV288-2.spass,0,17,8,17,8,157114,0.0,0.0,0.0,0.0,0,6004663
\COL\COL105-2.spass,0,5,2,5,2,37502,0.0,0.0,0.0,0.0,0,1386390
\SWV\SWV245-2.spass,1,19,11,20,10,2211039,-0.05263157894736842,-4.5227605664124424E-7,0.05263157894736842,4.5227605664124424E-7,1,8702834
\MGT\MGT017-1.spass,1,42,23,38,18,297793935,0.09523809523809523,1.3432107003791062E-8,0.11904761904761904,1.6790133754738827E-8,2,48266263
\MGT\MGT015-1.spass,1,42,23,38,18,308263310,0.09523809523809523,1.2975919839438563E-8,0.11904761904761904,1.6219899799298204E-8,2,48360610
\SYN\SYN670-1.spass,0,14,7,14,7,112506,0.0,0.0,0.0,0.0,0,6266388
\SWB\SWB012+2.spass,1,41,22,41,20,209890028,0.0,0.0,0.04878048780487805,9.528799529246811E-9,1,183567965
\SYN\SYN586-1.spass,0,14,7,14,7,151192,0.0,0.0,0.0,0.0,0,3730463
\LCL\LCL432-2.spass,0,5,2,5,2,33949,0.0,0.0,0.0,0.0,0,1082426
\TOP\TOP001-2.spass,0,33,16,33,16,195010,0.0,0.0,0.0,0.0,0,13210969
\SWV\SWV272-2.spass,0,18,9,18,9,352124,0.0,0.0,0.0,0.0,0,5196198
\GRP\GRP004-1.spass,1,12,7,13,6,4047848,-0.08333333333333333,-2.4704484951015946E-7,0.08333333333333333,2.4704484951015946E-7,1,6426265
\COL\COL104-2.spass,0,11,5,11,5,103822,0.0,0.0,0.0,0.0,0,4566954
\SWV\SWV011+1.spass,0,5,2,5,2,22896,0.0,0.0,0.0,0.0,0,887810
\SEU\SEU167+3.spass,0,11,5,11,5,51319,0.0,0.0,0.0,0.0,0,2183801
\SEU\SEU167+1.spass,0,11,5,11,5,54082,0.0,0.0,0.0,0.0,0,2488948
\SWV\SWV357-2.spass,0,9,4,9,4,66714,0.0,0.0,0.0,0.0,0,2365390
\SWV\SWV329-2.spass,1,20,10,22,9,2394996,-0.1,-8.350744635899183E-7,0.05,4.1753723179495914E-7,2,8166357
\SWV\SWV314-2.spass,0,13,6,13,6,105006,0.0,0.0,0.0,0.0,0,4965265
\SYN\SYN581-1.spass,0,18,9,19,9,1642983,-0.05555555555555555,-6.086490243660464E-7,0.0,0.0,1,4070349
\GEO\GEO002-4.spass,0,23,14,23,14,8787706,0.0,0.0,0.0,0.0,0,11132568
\MGT\MGT036+1.spass,1,34,21,39,14,4243253,-0.14705882352941177,-1.1783412396102707E-6,0.20588235294117646,1.649677735454379E-6,8,10157122
\SWV\SWV358-2.spass,0,15,8,15,8,112112,0.0,0.0,0.0,0.0,0,4259833
\SWV\SWV356-2.spass,0,7,3,7,3,60793,0.0,0.0,0.0,0.0,0,1584164
\SWV\SWV315-2.spass,0,24,10,24,10,182378,0.0,0.0,0.0,0.0,0,7415133
\SWV\SWV300-2.spass,1,29,15,31,14,2615271,-0.06896551724137931,-7.647391035192912E-7,0.034482758620689655,3.823695517596456E-7,2,9413003
\SWV\SWV328-2.spass,1,16,8,17,7,1330729,-0.0625,-7.514678044891183E-7,0.0625,7.514678044891183E-7,1,6110458
\SWV\SWV313-2.spass,0,15,7,15,7,109348,0.0,0.0,0.0,0.0,0,4795125
\SET\SET819-2.spass,0,3,1,3,1,27633,0.0,0.0,0.0,0.0,0,680168
\SYN\SYN710-1.spass,0,16,7,16,7,107374,0.0,0.0,0.0,0.0,0,4558270
\SET\SET915+1.spass,0,5,2,5,2,39870,0.0,0.0,0.0,0.0,0,1481132
\CSR\CSR072+1.spass,0,3,1,3,1,21711,0.0,0.0,0.0,0.0,0,921365
\LCL\LCL442-2.spass,0,32,16,32,16,412522,0.0,0.0,0.0,0.0,0,13407558
\SYN\SYN622-1.spass,0,14,7,14,7,343045,0.0,0.0,0.0,0.0,0,5227384
\SWV\SWV299-2.spass,0,23,15,23,15,218695,0.0,0.0,0.0,0.0,0,9001665
\SYN\SYN352-1.spass,0,17,8,17,8,349361,0.0,0.0,0.0,0.0,0,5760308
\ANA\ANA003-4.spass,0,29,12,29,12,195800,0.0,0.0,0.0,0.0,0,11563249
\SYN\SYN568-1.spass,0,13,6,13,6,68688,0.0,0.0,0.0,0.0,0,3015951
\SWV\SWV269-2.spass,0,5,2,5,2,35529,0.0,0.0,0.0,0.0,0,993606
\COL\COL114-2.spass,0,5,2,5,2,39081,0.0,0.0,0.0,0.0,0,1577058
\SYN\SYN065-1.spass,0,7,3,7,3,35528,0.0,0.0,0.0,0.0,0,1357177
\MGT\MGT009-1.spass,0,37,19,37,19,360871120,0.0,0.0,0.0,0.0,0,29423282
\GRP\GRP028-3.spass,0,8,4,8,4,1038609,0.0,0.0,0.0,0.0,0,8464400
\LCL\LCL441-2.spass,0,7,4,7,4,125138,0.0,0.0,0.0,0.0,0,2492106
\COL\COL113-2.spass,0,3,1,3,1,72241,0.0,0.0,0.0,0.0,0,832544
\SWV\SWV266-2.spass,0,5,2,5,2,54871,0.0,0.0,0.0,0.0,0,1001895
\COL\COL111-2.spass,0,5,2,5,2,37108,0.0,0.0,0.0,0.0,0,1307439
\SET\SET786-1.spass,1,11,5,10,4,1473631,0.09090909090909091,6.785959307316418E-7,0.09090909090909091,6.785959307316418E-7,0,3057006
\COM\COM002-1.spass,0,19,10,19,10,64346,0.0,0.0,0.0,0.0,0,4115746
\ANA\ANA042-2.spass,0,3,1,3,1,38291,0.0,0.0,0.0,0.0,0,866889
\MSC\MSC004-1.spass,1,20,10,21,9,2349599,-0.05,-4.2560453932777465E-7,0.05,4.2560453932777465E-7,2,5562139
\SWV\SWV009-1.spass,1,21,13,19,10,1778779,0.09523809523809523,1.1243667706893325E-6,0.14285714285714285,1.6865501560339985E-6,0,3615193
\SYN\SYN370+1.spass,0,4,2,4,2,457130,0.0,0.0,0.0,0.0,0,1218223
\SWV\SWV337-2.spass,1,23,13,23,12,2596717,0.0,0.0,0.043478260869565216,3.851016495058953E-7,0,9420503
\SEU\SEU158+1.spass,0,9,3,9,3,61582,0.0,0.0,0.0,0.0,0,2134851
\SWV\SWV335-2.spass,1,18,9,19,8,1834440,-0.05555555555555555,-5.451254878873117E-7,0.05555555555555555,5.451254878873117E-7,1,6742860
\SYN\SYN619-1.spass,1,24,12,24,11,3175828,0.0,0.0,0.041666666666666664,3.148785135718937E-7,1,5361602
\SWV\SWV279-2.spass,0,19,11,19,11,288963,0.0,0.0,0.0,0.0,0,7044849
\COL\COL109-2.spass,0,14,7,14,7,134613,0.0,0.0,0.0,0.0,0,7025506
\SYN\SYN034-1.spass,1,11,5,10,4,1544688,0.09090909090909091,6.473799239717017E-7,0.09090909090909091,6.473799239717017E-7,0,3080296
\SYN\SYN676-1.spass,0,14,7,14,7,65135,0.0,0.0,0.0,0.0,0,3552427
\SYN\SYN661-1.spass,0,14,7,14,7,66319,0.0,0.0,0.0,0.0,0,3451368
\SYN\SYN674-1.spass,0,14,7,14,7,126322,0.0,0.0,0.0,0.0,0,4330890
\PUZ\PUZ035-7.spass,1,28,19,29,16,9753679,-0.03571428571428571,-1.0252541630701605E-7,0.10714285714285714,3.0757624892104817E-7,2,14281553
\SET\SET055-7.spass,0,6,2,6,2,30791,0.0,0.0,0.0,0.0,0,1319281
\LCL\LCL438-2.spass,0,10,5,10,5,110532,0.0,0.0,0.0,0.0,0,5256992
\SYN\SYN346-1.spass,1,4,2,4,1,418048,0.0,0.0,0.25,2.39206981016534E-6,0,1134534
\SWV\SWV263-2.spass,0,9,4,9,4,48555,0.0,0.0,0.0,0.0,0,2731725
\PUZ\PUZ047+1.spass,0,16,8,16,8,80530,0.0,0.0,0.0,0.0,0,4358918
\SYN\SYN031-1.spass,1,8,4,8,3,1061504,0.0,0.0,0.125,9.420595683106234E-7,0,2053136
\MGT\MGT018-1.spass,1,40,21,38,17,59654634,0.05,3.352631415021338E-8,0.1,6.705262830042676E-8,2,160168294
\MGT\MGT016-1.spass,1,40,21,38,17,53062177,0.05,3.769163108403939E-8,0.1,7.538326216807878E-8,2,112398636
\SYN\SYN671-1.spass,0,14,7,14,7,72635,0.0,0.0,0.0,0.0,0,3575717
\SYN\SYN630-1.spass,0,11,5,11,5,114479,0.0,0.0,0.0,0.0,0,4361680
\CSR\CSR050+1.spass,0,26,14,26,14,84478,0.0,0.0,0.0,0.0,0,5918211
\PUZ\PUZ035-6.spass,0,9,6,9,6,99084,0.0,0.0,0.0,0.0,0,2257226
\SYN\SYN587-1.spass,0,16,8,16,8,136587,0.0,0.0,0.0,0.0,0,4783282
\COL\COL120-2.spass,0,5,2,5,2,82110,0.0,0.0,0.0,0.0,0,2633825
\SYN\SYN570-1.spass,0,22,11,22,11,88820,0.0,0.0,0.0,0.0,0,6952082
\SYN\SYN717-1.spass,1,16,8,17,7,1660746,-0.0625,-6.02139038721153E-7,0.0625,6.02139038721153E-7,1,3821257
\PUZ\PUZ047-1.spass,0,16,8,16,8,87636,0.0,0.0,0.0,0.0,0,3490055
\SET\SET590+3.spass,0,8,3,8,3,48949,0.0,0.0,0.0,0.0,0,2275779
\SYN\SYN082+1.spass,1,9,4,10,3,511606,-0.1111111111111111,-1.9546291482117097E-6,0.1111111111111111,1.9546291482117097E-6,1,1550610
\SYN\SYN571-1.spass,0,16,8,17,8,2012081,-0.0625,-4.969978842800067E-7,0.0,0.0,1,3742700
\GRP\GRP001+6.spass,1,26,16,28,14,17023936,-0.07692307692307693,-1.1748164466783709E-7,0.07692307692307693,1.1748164466783709E-7,2,29368410
\SYN\SYN727-1.spass,0,5,2,5,2,34344,0.0,0.0,0.0,0.0,0,950972
\SYN\SYN656-1.spass,1,19,10,21,9,2800018,-0.10526315789473684,-7.142811224784983E-7,0.05263157894736842,3.5714056123924917E-7,2,5634775
\CSR\CSR035+1.spass,0,5,2,5,2,39871,0.0,0.0,0.0,0.0,0,1858915
\SYN\SYN613-1.spass,0,20,11,20,11,144482,0.0,0.0,0.0,0.0,0,7611722
\SYN\SYN626-1.spass,1,16,8,18,7,1526134,-0.125,-1.3105009127638858E-6,0.0625,6.552504563819429E-7,2,6842734
\TOP\TOP022+1.spass,0,13,6,13,6,77767,0.0,0.0,0.0,0.0,0,5217516
\SET\SET835-2.spass,0,7,3,7,3,41055,0.0,0.0,0.0,0.0,0,1665089
\SWV\SWV258-2.spass,0,11,5,11,5,75004,0.0,0.0,0.0,0.0,0,2676065
\SYN\SYN014-2.spass,0,10,5,10,5,54476,0.0,0.0,0.0,0.0,0,1875495
\SET\SET631+3.spass,1,12,6,13,5,1707328,-0.08333333333333333,-5.857105371668479E-7,0.08333333333333333,5.857105371668479E-7,1,3322677
\SYN\SYN655-1.spass,0,17,9,17,9,267251,0.0,0.0,0.0,0.0,0,18949565
\SYN\SYN668-1.spass,0,14,7,14,7,66714,0.0,0.0,0.0,0.0,0,3503871
\SYN\SYN653-1.spass,0,18,9,18,9,240013,0.0,0.0,0.0,0.0,0,12232758
\SWV\SWV341-2.spass,0,7,3,7,3,37501,0.0,0.0,0.0,0.0,0,1494159
\SYN\SYN340-1.spass,0,3,1,3,1,22896,0.0,0.0,0.0,0.0,0,683327
\TOP\TOP021+1.spass,0,9,4,9,4,67109,0.0,0.0,0.0,0.0,0,2325125
\SET\SET834-2.spass,0,23,11,23,11,193037,0.0,0.0,0.0,0.0,0,11521010
\SYN\SYN312-1.spass,0,21,13,21,13,91189,0.0,0.0,0.0,0.0,0,4052585
\COL\COL117-2.spass,0,14,7,14,7,132638,0.0,0.0,0.0,0.0,0,6450345
\SWV\SWV257-2.spass,0,5,2,5,2,62372,0.0,0.0,0.0,0.0,0,1339018
\SYN\SYN310-1.spass,0,19,13,19,13,123560,0.0,0.0,0.0,0.0,0,6192567
\SWV\SWV255-2.spass,0,12,6,12,6,149614,0.0,0.0,0.0,0.0,0,4779729
\SET\SET832-2.spass,0,7,3,7,3,37107,0.0,0.0,0.0,0.0,0,1464552
\SYN\SYN325-1.spass,0,6,3,6,3,256987,0.0,0.0,0.0,0.0,0,1291253
\SWB\SWB024+2.spass,0,24,12,24,12,115269,0.0,0.0,0.0,0.0,0,8434003
\SYN\SYN680-1.spass,0,14,7,14,7,68293,0.0,0.0,0.0,0.0,0,3399655
\SYN\SYN596-1.spass,0,13,6,13,6,82110,0.0,0.0,0.0,0.0,0,3202276
\SYN\SYN594-1.spass,0,23,12,23,12,243961,0.0,0.0,0.0,0.0,0,9736704
\SYN\SYN079+1.spass,0,7,3,7,3,40661,0.0,0.0,0.0,0.0,0,1712065
\SYN\SYN566-1.spass,0,32,18,32,18,548714,0.0,0.0,0.0,0.0,0,8602170
\GRP\GRP012+5.spass,0,21,13,21,13,9062458,0.0,0.0,0.0,0.0,0,18224790
\SWV\SWV280-2.spass,0,5,2,5,2,32765,0.0,0.0,0.0,0.0,0,1261252
\SET\SET046-5.spass,1,11,5,10,4,1883785,0.09090909090909091,5.30846142208373E-7,0.09090909090909091,5.30846142208373E-7,0,3006871
\COL\COL112-2.spass,0,5,2,5,2,50529,0.0,0.0,0.0,0.0,0,1522581
\COM\COM002-2.spass,0,21,12,21,12,72241,0.0,0.0,0.0,0.0,0,4341548
\SET\SET899+1.spass,0,7,3,7,3,34344,0.0,0.0,0.0,0.0,0,2275779
\SYN\SYN593-1.spass,0,13,6,13,6,111716,0.0,0.0,0.0,0.0,0,5357260
\LAT\LAT271-2.spass,0,7,3,7,3,80136,0.0,0.0,0.0,0.0,0,2758569
\SWV\SWV364-2.spass,0,9,4,9,4,87241,0.0,0.0,0.0,0.0,0,4353786
\SWV\SWV323-2.spass,0,37,17,37,17,249882,0.0,0.0,0.0,0.0,0,14010354
\SET\SET859-2.spass,0,7,3,7,3,47766,0.0,0.0,0.0,0.0,0,1658773
\SWV\SWV321-2.spass,0,24,10,24,10,157903,0.0,0.0,0.0,0.0,0,6930765
\SET\SET829-2.spass,0,7,3,7,3,46187,0.0,0.0,0.0,0.0,0,1479947
\SWV\SWV239-2.spass,0,12,5,12,5,94742,0.0,0.0,0.0,0.0,0,4183250
\SYN\SYN035-1.spass,0,9,6,9,6,254619,0.0,0.0,0.0,0.0,0,3329783
\SYN\SYN048-1.spass,0,3,1,3,1,33160,0.0,0.0,0.0,0.0,0,999132
\SYN\SYN677-1.spass,0,14,7,14,7,64345,0.0,0.0,0.0,0.0,0,3918762
\CSR\CSR054+1.spass,0,5,2,5,2,31186,0.0,0.0,0.0,0.0,0,1020449
\SYN\SYN632-1.spass,1,24,13,26,11,4586298,-0.08333333333333333,-4.360815629512081E-7,0.08333333333333333,4.360815629512081E-7,2,9182859
\LCL\LCL439-2.spass,0,13,6,13,6,182378,0.0,0.0,0.0,0.0,0,5163039
\SWV\SWV320-2.spass,0,7,3,7,3,49740,0.0,0.0,0.0,0.0,0,2384337
\SYN\SYN604-1.spass,1,26,15,31,14,10343842,-0.19230769230769232,-4.833793864987497E-7,0.038461538461538464,9.667587729974994E-8,5,11022431
\COL\COL124-2.spass,0,6,2,6,2,93163,0.0,0.0,0.0,0.0,0,3698093
\SWV\SWV264-2.spass,0,5,2,5,2,33554,0.0,0.0,0.0,0.0,0,1180327
\COL\COL122-2.spass,0,5,2,5,2,48160,0.0,0.0,0.0,0.0,0,1362704
\TOP\TOP004-2.spass,0,3,1,3,1,24475,0.0,0.0,0.0,0.0,0,663983
\SWV\SWV277-2.spass,0,9,4,9,4,53292,0.0,0.0,0.0,0.0,0,1867205
\PUZ\PUZ008-3.spass,0,49,31,49,31,1435340,0.0,0.0,0.0,0.0,0,81540409
\MGT\MGT004-1.spass,0,47,29,47,29,743258916,0.0,0.0,0.0,0.0,0,631423995
\SWB\SWB003+2.spass,0,3,1,3,1,37108,0.0,0.0,0.0,0.0,0,1021634
\MGT\MGT002-1.spass,1,31,17,30,13,57574655,0.03225806451612903,1.736875366426425E-8,0.12903225806451613,6.9475014657057E-8,3,62008181
\SWV\SWV291-2.spass,0,23,11,23,11,332781,0.0,0.0,0.0,0.0,0,13911269
\PUZ\PUZ035-5.spass,0,9,6,9,6,127112,0.0,0.0,0.0,0.0,0,2906208
\SYN\SYN588-1.spass,0,7,3,7,3,130270,0.0,0.0,0.0,0.0,0,3715066
\SWB\SWB030+2.spass,1,22,12,25,10,2489738,-0.13636363636363635,-1.2049460625977513E-6,0.09090909090909091,8.032973750651675E-7,3,9087723
\MGT\MGT003-1.spass,1,31,17,30,13,64925836,0.03225806451612903,1.5402189045359384E-8,0.12903225806451613,6.160875618143754E-8,3,81607122
\COM\COM011-2.spass,0,27,15,27,15,3060558,0.0,0.0,0.0,0.0,0,11626411
\SWV\SWV305-2.spass,1,30,16,29,15,3964159,0.03333333333333333,2.5226031549188616E-7,0.03333333333333333,2.5226031549188616E-7,0,13176624
\SET\SET836-2.spass,0,7,3,7,3,43423,0.0,0.0,0.0,0.0,0,1398628
\SYN\SYN654-1.spass,0,17,9,17,9,433050,0.0,0.0,0.0,0.0,0,17639364
\LCL\LCL433-2.spass,0,15,7,15,7,125928,0.0,0.0,0.0,0.0,0,5949792
\SET\SET850-2.spass,0,7,3,7,3,70267,0.0,0.0,0.0,0.0,0,2313676
\CAT\CAT007-3.spass,0,7,3,7,3,32371,0.0,0.0,0.0,0.0,0,1501264
\SYN\SYN557-1.spass,0,16,9,16,9,92768,0.0,0.0,0.0,0.0,0,4242463
\SYN\SYN341-1.spass,0,3,1,3,1,31975,0.0,0.0,0.0,0.0,0,694775
\SWV\SWV286-2.spass,0,16,7,16,7,219486,0.0,0.0,0.0,0.0,0,7169988
\SYN\SYN354-1.spass,0,14,7,14,7,3265043,0.0,0.0,0.0,0.0,0,3158458
\COL\COL118-2.spass,0,9,4,9,4,81321,0.0,0.0,0.0,0.0,0,4042321
\SWV\SWV284-2.spass,0,12,6,12,6,137770,0.0,0.0,0.0,0.0,0,4127194
\COL\COL103-2.spass,0,3,1,3,1,37897,0.0,0.0,0.0,0.0,0,872020
\SYN\SYN311-1.spass,0,19,13,19,13,98295,0.0,0.0,0.0,0.0,0,4202593
\SWV\SWV256-2.spass,0,5,2,5,2,46581,0.0,0.0,0.0,0.0,0,1127429
\SYN\SYN082-1.spass,0,15,5,15,5,72636,0.0,0.0,0.0,0.0,0,3413077
\COL\COL116-2.spass,0,3,1,3,1,37107,0.0,0.0,0.0,0.0,0,891758
\SYN\SYN683-1.spass,0,14,7,14,7,62767,0.0,0.0,0.0,0.0,0,3225962
\SYN\SYN681-1.spass,0,14,7,14,7,69082,0.0,0.0,0.0,0.0,0,3874154
\SET\SET588+3.spass,0,22,11,22,11,161061,0.0,0.0,0.0,0.0,0,9072722
\LCL\LCL445-2.spass,0,13,7,13,7,213170,0.0,0.0,0.0,0.0,0,8565853
\LCL\LCL430-2.spass,0,17,9,17,9,313833,0.0,0.0,0.0,0.0,0,10078960
\LCL\LCL443-2.spass,0,17,9,17,9,140929,0.0,0.0,0.0,0.0,0,5847550
\ANA\ANA004-4.spass,0,31,13,31,13,214749,0.0,0.0,0.0,0.0,0,12252497
\SYN\SYN569-1.spass,1,31,20,33,18,35522292,-0.06451612903225806,-5.630267326218702E-8,0.06451612903225806,5.630267326218702E-8,3,36741305
\SYN\SYN554-1.spass,1,21,13,22,11,8180963,-0.047619047619047616,-1.2223499849589835E-7,0.09523809523809523,2.444699969917967E-7,2,8257941
\SWV\SWV283-2.spass,0,14,6,14,6,283041,0.0,0.0,0.0,0.0,0,5172119
\COL\COL102-2.spass,0,11,5,11,5,106979,0.0,0.0,0.0,0.0,0,4934080
\SWV\SWV242-2.spass,0,15,8,15,8,85662,0.0,0.0,0.0,0.0,0,4439843
\COL\COL115-2.spass,0,5,2,5,2,96716,0.0,0.0,0.0,0.0,0,2390259
\SWV\SWV270-2.spass,0,18,9,18,9,442919,0.0,0.0,0.0,0.0,0,6718780
\SWV\SWV240-2.spass,0,12,5,12,5,86452,0.0,0.0,0.0,0.0,0,5596483
\SEU\SEU264+1.spass,1,12,6,14,5,1059531,-0.16666666666666666,-1.887627639021416E-6,0.08333333333333333,9.43813819510708E-7,2,2530003
\SEU\SEU163+3.spass,0,5,2,5,2,26054,0.0,0.0,0.0,0.0,0,920180
\SET\SET818-2.spass,0,3,1,3,1,24080,0.0,0.0,0.0,0.0,0,900838
\RNG\RNG038-2.spass,1,12,6,13,5,907944,-0.08333333333333333,-1.101389513009613E-6,0.08333333333333333,1.101389513009613E-6,1,2659484
\SYN\SYN338-1.spass,0,3,1,3,1,22106,0.0,0.0,0.0,0.0,0,693195
