proof,compressed?,length,resOnlyLength,compressedLengthAll,compressedLengthResOnly,compressTime,compressRatio,compressSpeed,compressRatioRes,compressSpeedRes,numFOSub,totalTime
\SYN\SYN079-1.spass,0,7,3,7,3,31622478,0.0,0.0,0.0,0.0,0,214135650
\SYN\SYN064-1.spass,0,3,1,3,1,611480,0.0,0.0,0.0,0.0,0,9369185
\KRS\KRS017-1.spass,0,9,4,9,4,34608033,0.0,0.0,0.0,0.0,0,31961181
\SYN\SYN665-1.spass,0,14,7,14,7,7783048,0.0,0.0,0.0,0.0,0,43886424
\GRP\GRP028-4.spass,0,8,4,8,4,29124846,0.0,0.0,0.0,0.0,0,98815805
\CSR\CSR070+1.spass,0,17,8,17,8,1447972,0.0,0.0,0.0,0.0,0,19061676
\SYN\SYN678-1.spass,0,14,7,14,7,2500792,0.0,0.0,0.0,0.0,0,28265457
\SYN\SYN663-1.spass,0,14,7,14,7,1999449,0.0,0.0,0.0,0.0,0,17784634
\MGT\MGT008-1.spass,0,37,20,38,20,1060839303,-0.02702702702702703,-9.426498407176755E-10,0.0,0.0,0,244710047
\SET\SET913+1.spass,0,5,2,5,2,376204,0.0,0.0,0.0,0.0,0,4554717
\SYN\SYN620-1.spass,0,15,7,15,7,878336,0.0,0.0,0.0,0.0,0,15248710
\SWV\SWV267-2.spass,0,7,3,7,3,592532,0.0,0.0,0.0,0.0,0,11129410
\SYN\SYN730+1.spass,0,4,2,4,2,1028739,0.0,0.0,0.0,0.0,0,3961396
\SET\SET842-2.spass,0,15,6,15,6,1990369,0.0,0.0,0.0,0.0,0,21634314
\SWV\SWV265-2.spass,0,5,2,5,2,300806,0.0,0.0,0.0,0.0,0,4351022
\SYN\SYN333-1.spass,0,9,6,9,6,960446,0.0,0.0,0.0,0.0,0,11970245
\MGT\MGT036-2.spass,0,26,15,26,15,14710654,0.0,0.0,0.0,0.0,0,28567841
\MGT\MGT007-1.spass,0,49,27,50,27,975861736,-0.02040816326530612,-1.0247353319732991E-9,0.0,0.0,0,827173793
\SYN\SYN662-1.spass,0,14,7,14,7,2788176,0.0,0.0,0.0,0.0,0,13826002
\SYN\SYN675-1.spass,0,14,7,14,7,1841151,0.0,0.0,0.0,0.0,0,18707183
\SYN\SYN660-1.spass,0,14,7,14,7,832544,0.0,0.0,0.0,0.0,0,11117962
\SWB\SWB019+2.spass,0,7,3,7,3,418444,0.0,0.0,0.0,0.0,0,6533244
\CSR\CSR052+1.spass,0,25,15,25,15,1473237,0.0,0.0,0.0,0.0,0,16974986
\SWV\SWV292-2.spass,0,34,18,34,18,9652621,0.0,0.0,0.0,0.0,0,25959676
\SWV\SWV290-2.spass,0,21,11,21,11,7802391,0.0,0.0,0.0,0.0,0,23605340
\SYN\SYN706-1.spass,0,18,8,18,8,1155062,0.0,0.0,0.0,0.0,0,17712788
\SYN\SYN719-1.spass,0,17,8,17,8,713327,0.0,0.0,0.0,0.0,0,8283206
\PUZ\PUZ008-1.spass,0,5,2,5,2,339097,0.0,0.0,0.0,0.0,0,3085033
\SWV\SWV349-2.spass,0,3,1,3,1,247513,0.0,0.0,0.0,0.0,0,1893653
\SWV\SWV308-2.spass,0,40,21,40,21,7905027,0.0,0.0,0.0,0.0,0,32768066
\SYN\SYN731-1.spass,0,3,1,3,1,178036,0.0,0.0,0.0,0.0,0,1000317
\SWV\SWV331-2.spass,0,12,6,12,6,1969842,0.0,0.0,0.0,0.0,0,4968423
\SET\SET852-2.spass,0,13,5,13,5,993211,0.0,0.0,0.0,0.0,0,10845974
\SYN\SYN345-1.spass,0,20,7,20,7,7380000,0.0,0.0,0.0,0.0,0,8257547
\SET\SET826-2.spass,0,7,3,7,3,253830,0.0,0.0,0.0,0.0,0,2094981
\SET\SET824-2.spass,0,4,2,4,2,456340,0.0,0.0,0.0,0.0,0,1932340
\SYN\SYN343-1.spass,0,5,1,5,1,167772,0.0,0.0,0.0,0.0,0,2025108
\SWV\SWV247-2.spass,0,38,26,38,26,26074156,0.0,0.0,0.0,0.0,0,21862089
\PLA\PLA003-1.spass,0,15,7,15,7,629244,0.0,0.0,0.0,0.0,0,4724068
\SYN\SYN687-1.spass,0,14,6,14,6,27015259,0.0,0.0,0.0,0.0,0,15425561
\SYN\SYN685-1.spass,0,14,7,14,7,487131,0.0,0.0,0.0,0.0,0,3724146
\SYN\SYN657-1.spass,0,18,9,18,9,7373288,0.0,0.0,0.0,0.0,0,8548483
\SWV\SWV330-2.spass,0,3,1,3,1,242776,0.0,0.0,0.0,0.0,0,1356783
\LCL\LCL447-2.spass,0,7,3,7,3,301201,0.0,0.0,0.0,0.0,0,2598297
\SWV\SWV289-2.spass,0,18,8,18,8,997949,0.0,0.0,0.0,0.0,0,10451216
\SWV\SWV287-2.spass,0,18,8,18,8,1765357,0.0,0.0,0.0,0.0,0,9088907
\SYN\SYN084-2.spass,0,40,22,40,22,7343682,0.0,0.0,0.0,0.0,0,11114015
\SWV\SWV246-2.spass,1,19,11,19,10,6832076,0.0,0.0,0.05263157894736842,1.4636839519935083E-7,0,10013035
\COL\COL119-2.spass,0,5,2,5,2,262514,0.0,0.0,0.0,0.0,0,1667063
\SWV\SWV259-2.spass,0,9,4,9,4,243566,0.0,0.0,0.0,0.0,0,2477895
\SWV\SWV244-2.spass,0,13,7,13,7,751619,0.0,0.0,0.0,0.0,0,3003319
\SYN\SYN684-1.spass,0,14,7,14,7,871231,0.0,0.0,0.0,0.0,0,5950976
\SYN\SYN682-1.spass,0,14,7,14,7,723986,0.0,0.0,0.0,0.0,0,6166908
\SET\SET589+3.spass,0,11,5,11,5,367125,0.0,0.0,0.0,0.0,0,4008767
\SYN\SYN585-1.spass,0,13,6,13,6,615428,0.0,0.0,0.0,0.0,0,6599169
\SYN\SYN583-1.spass,0,18,9,18,9,11201651,0.0,0.0,0.0,0.0,0,5881499
\SWV\SWV271-2.spass,0,18,9,18,9,1429024,0.0,0.0,0.0,0.0,0,8684280
\GRP\GRP003-1.spass,0,15,10,15,10,185609652,0.0,0.0,0.0,0.0,0,19111020
\SYN\SYN555-1.spass,0,11,5,11,5,330413,0.0,0.0,0.0,0.0,0,3724541
\COL\COL101-2.spass,0,3,1,3,1,149219,0.0,0.0,0.0,0.0,0,941498
\GRP\GRP031-2.spass,0,12,7,12,7,6288494,0.0,0.0,0.0,0.0,0,5964398
\SYN\SYN582-1.spass,0,15,7,15,7,427129,0.0,0.0,0.0,0.0,0,4413789
\MGT\MGT036+2.spass,1,36,23,36,22,10960454,0.0,0.0,0.027777777777777776,9.123709656552548E-8,0,10801366
\RNG\RNG039-2.spass,1,36,20,36,19,10252653,0.0,0.0,0.027777777777777776,9.753573050799632E-8,0,10045800
\LAT\LAT273-2.spass,1,16,9,15,7,6194147,0.0625,1.6144272972533588E-7,0.125,3.2288545945067176E-7,0,5395157
\SYN\SYN669-1.spass,0,14,7,14,7,774121,0.0,0.0,0.0,0.0,0,6337838
\SYN\SYN667-1.spass,0,14,7,14,7,836887,0.0,0.0,0.0,0.0,0,6024401
\SWV\SWV355-2.spass,0,15,8,15,8,1300727,0.0,0.0,0.0,0.0,0,7505138
\CSR\CSR046+1.spass,0,3,1,3,1,104611,0.0,0.0,0.0,0.0,0,1057951
\SEU\SEU163+1.spass,0,5,2,5,2,152771,0.0,0.0,0.0,0.0,0,1357967
\SWV\SWV312-2.spass,0,5,2,5,2,399495,0.0,0.0,0.0,0.0,0,2779096
\SET\SET833-2.spass,0,7,3,7,3,173693,0.0,0.0,0.0,0.0,0,1653246
\SWV\SWV310-2.spass,0,5,2,5,2,338703,0.0,0.0,0.0,0.0,0,2775543
\SET\SET846-2.spass,0,9,4,9,4,306332,0.0,0.0,0.0,0.0,0,2600665
\SYN\SYN339-1.spass,0,3,1,3,1,91584,0.0,0.0,0.0,0.0,0,748461
\LCL\LCL429-2.spass,0,17,9,17,9,3095692,0.0,0.0,0.0,0.0,0,11813920
\SWV\SWV011-1.spass,0,5,2,5,2,355677,0.0,0.0,0.0,0.0,0,1840756
\LAT\LAT272-2.spass,0,7,3,7,3,253829,0.0,0.0,0.0,0.0,0,2648825
\LAT\LAT270-2.spass,0,9,4,9,4,227381,0.0,0.0,0.0,0.0,0,2674485
\SYN\SYN666-1.spass,0,14,7,14,7,485157,0.0,0.0,0.0,0.0,0,3378339
\SYN\SYN679-1.spass,0,14,7,14,7,513186,0.0,0.0,0.0,0.0,0,4262991
\SYN\SYN664-1.spass,0,14,7,14,7,665562,0.0,0.0,0.0,0.0,0,4797494
\CSR\CSR058+1.spass,0,5,2,5,2,126717,0.0,0.0,0.0,0.0,0,1398627
\SYN\SYN636-1.spass,0,23,14,23,14,17915694,0.0,0.0,0.0,0.0,0,21023624
\SYN\SYN621-1.spass,0,12,5,12,5,901627,0.0,0.0,0.0,0.0,0,7655146
\SET\SET830-2.spass,0,23,11,23,11,2331835,0.0,0.0,0.0,0.0,0,10398714
\SYN\SYN336-1.spass,0,3,1,3,1,129481,0.0,0.0,0.0,0.0,0,978999
\SYN\SYN066-1.spass,0,8,4,8,4,1022028,0.0,0.0,0.0,0.0,0,2493291
\MGT\MGT036-1.spass,0,26,15,26,15,8248467,0.0,0.0,0.0,0.0,0,13556776
\MGT\MGT006-1.spass,0,45,26,45,26,227002390,0.0,0.0,0.0,0.0,0,137790650
\LCL\LCL440-2.spass,0,3,1,3,1,86847,0.0,0.0,0.0,0.0,0,839256
\SWV\SWV293-2.spass,0,20,11,20,11,3386629,0.0,0.0,0.0,0.0,0,8072799
\SYN\SYN562-1.spass,1,12,6,10,4,13433612,0.16666666666666666,1.4888028625510398E-7,0.16666666666666666,1.4888028625510398E-7,0,3151353
\COL\COL110-2.spass,0,18,8,18,8,1194537,0.0,0.0,0.0,0.0,0,11674571
\COL\COL123-2.spass,0,19,8,19,8,1095058,0.0,0.0,0.0,0.0,0,13141097
\COM\COM001-1.spass,0,13,6,13,6,835703,0.0,0.0,0.0,0.0,0,3775860
\SEU\SEU158+3.spass,0,9,3,9,3,173694,0.0,0.0,0.0,0.0,0,2554479
\SWV\SWV309-2.spass,0,5,2,5,2,501738,0.0,0.0,0.0,0.0,0,2594744
\ANA\ANA041-2.spass,0,3,1,3,1,101058,0.0,0.0,0.0,0.0,0,1208354
\SYN\SYN561-1.spass,1,20,12,18,10,13904954,0.1,1.4383362936691484E-7,0.1,1.4383362936691484E-7,0,7099327
\SET\SET828-2.spass,0,7,3,7,3,243171,0.0,0.0,0.0,0.0,0,2400917
\MSC\MSC005-1.spass,0,14,6,14,6,649377,0.0,0.0,0.0,0.0,0,5235280
\MSC\MSC003-1.spass,0,15,7,15,7,2037740,0.0,0.0,0.0,0.0,0,5480819
\SYN\SYN006-1.spass,0,13,6,13,6,359229,0.0,0.0,0.0,0.0,0,4340758
\SYN\SYN648-1.spass,0,15,7,15,7,3699671,0.0,0.0,0.0,0.0,0,8715860
\SWV\SWV336-2.spass,0,3,1,3,1,204485,0.0,0.0,0.0,0.0,0,2130904
\SWV\SWV334-2.spass,0,3,1,3,1,180404,0.0,0.0,0.0,0.0,0,1490211
\SYN\SYN618-1.spass,0,23,12,23,12,3822441,0.0,0.0,0.0,0.0,0,9730783
\SET\SET827-2.spass,0,7,3,7,3,263304,0.0,0.0,0.0,0.0,0,2355915
\SET\SET009+3.spass,0,25,13,25,13,1490606,0.0,0.0,0.0,0.0,0,16765369
\LCL\LCL437-2.spass,0,5,2,5,2,326465,0.0,0.0,0.0,0.0,0,2349204
\SWV\SWV333-2.spass,0,3,1,3,1,97110,0.0,0.0,0.0,0.0,0,995975
\SET\SET055-6.spass,0,9,3,9,3,152377,0.0,0.0,0.0,0.0,0,3531899
\SYN\SYN589-1.spass,0,7,3,7,3,315806,0.0,0.0,0.0,0.0,0,2728566
\LCL\LCL435-2.spass,0,5,2,5,2,161061,0.0,0.0,0.0,0.0,0,1387969
\SYN\SYN559-1.spass,1,20,12,18,10,13675599,0.1,1.4624587924814117E-7,0.1,1.4624587924814117E-7,0,4515636
\TOP\TOP002-2.spass,0,5,2,5,2,108163,0.0,0.0,0.0,0.0,0,943866
\SYN\SYN073-1.spass,0,4,2,4,2,962815,0.0,0.0,0.0,0.0,0,887416
\SWV\SWV273-2.spass,0,11,5,11,5,285409,0.0,0.0,0.0,0.0,0,3522820
\SWV\SWV288-2.spass,0,17,8,17,8,742540,0.0,0.0,0.0,0.0,0,6179935
\COL\COL105-2.spass,0,5,2,5,2,134613,0.0,0.0,0.0,0.0,0,1446787
\SWV\SWV245-2.spass,1,19,11,19,10,4370365,0.0,0.0,0.05263157894736842,2.2881384049158365E-7,0,4949869
\MGT\MGT017-1.spass,1,42,23,42,22,416429747,0.0,0.0,0.023809523809523808,2.401365433675419E-9,0,47605043
\MGT\MGT015-1.spass,1,42,23,42,22,450964354,0.0,0.0,0.023809523809523808,2.2174701639500315E-9,0,57403725
\SYN\SYN670-1.spass,0,14,7,14,7,510027,0.0,0.0,0.0,0.0,0,4116141
\SWB\SWB012+2.spass,0,41,22,41,22,217977434,0.0,0.0,0.0,0.0,0,156191502
\SYN\SYN586-1.spass,0,14,7,14,7,592926,0.0,0.0,0.0,0.0,0,3801518
\LCL\LCL432-2.spass,0,5,2,5,2,138955,0.0,0.0,0.0,0.0,0,1059136
\TOP\TOP001-2.spass,0,33,16,33,16,3462816,0.0,0.0,0.0,0.0,0,12382372
\SWV\SWV272-2.spass,0,18,9,18,9,1307439,0.0,0.0,0.0,0.0,0,7734097
\GRP\GRP004-1.spass,0,12,7,12,7,3988239,0.0,0.0,0.0,0.0,0,6246254
\COL\COL104-2.spass,0,11,5,11,5,430681,0.0,0.0,0.0,0.0,0,4304835
\SWV\SWV011+1.spass,0,5,2,5,2,92373,0.0,0.0,0.0,0.0,0,945050
\SEU\SEU167+3.spass,0,11,5,11,5,232908,0.0,0.0,0.0,0.0,0,2555663
\SEU\SEU167+1.spass,0,11,5,11,5,255013,0.0,0.0,0.0,0.0,0,2494476
\SWV\SWV357-2.spass,0,9,4,9,4,254224,0.0,0.0,0.0,0.0,0,2453026
\SWV\SWV329-2.spass,0,20,10,20,10,2466053,0.0,0.0,0.0,0.0,0,5798204
\SWV\SWV314-2.spass,0,13,6,13,6,429497,0.0,0.0,0.0,0.0,0,5141328
\SYN\SYN581-1.spass,0,18,9,18,9,2779095,0.0,0.0,0.0,0.0,0,4499451
\GEO\GEO002-4.spass,0,23,14,23,14,12662255,0.0,0.0,0.0,0.0,0,11656807
\MGT\MGT036+1.spass,0,34,21,34,21,9506956,0.0,0.0,0.0,0.0,0,13147019
\SWV\SWV358-2.spass,0,15,8,15,8,1601138,0.0,0.0,0.0,0.0,0,6832865
\SWV\SWV356-2.spass,0,7,3,7,3,316201,0.0,0.0,0.0,0.0,0,2586849
\SWV\SWV315-2.spass,0,24,10,24,10,689247,0.0,0.0,0.0,0.0,0,9556695
\SWV\SWV300-2.spass,0,29,15,29,15,3438342,0.0,0.0,0.0,0.0,0,9238125
\SWV\SWV328-2.spass,1,16,8,16,7,6054008,0.0,0.0,0.0625,1.6517982797511995E-7,0,4948290
\SWV\SWV313-2.spass,0,15,7,15,7,515949,0.0,0.0,0.0,0.0,0,7150251
\SET\SET819-2.spass,0,3,1,3,1,70662,0.0,0.0,0.0,0.0,0,703459
\SYN\SYN710-1.spass,0,16,7,16,7,1033081,0.0,0.0,0.0,0.0,0,4247595
\SET\SET915+1.spass,0,5,2,5,2,155535,0.0,0.0,0.0,0.0,0,1486658
\CSR\CSR072+1.spass,0,3,1,3,1,97900,0.0,0.0,0.0,0.0,0,1114007
\LCL\LCL442-2.spass,0,32,16,32,16,3318336,0.0,0.0,0.0,0.0,0,15688075
\SYN\SYN622-1.spass,0,14,7,14,7,2368942,0.0,0.0,0.0,0.0,0,4598535
\SWV\SWV299-2.spass,0,23,15,23,15,2336967,0.0,0.0,0.0,0.0,0,8831525
\SYN\SYN352-1.spass,0,17,8,17,8,6145986,0.0,0.0,0.0,0.0,0,6442844
\ANA\ANA003-4.spass,0,29,12,29,12,1464552,0.0,0.0,0.0,0.0,0,10695176
\SYN\SYN568-1.spass,0,13,6,13,6,332386,0.0,0.0,0.0,0.0,0,3046742
\SWV\SWV269-2.spass,0,5,2,5,2,120006,0.0,0.0,0.0,0.0,0,1045714
\COL\COL114-2.spass,0,5,2,5,2,256198,0.0,0.0,0.0,0.0,0,1437708
\SYN\SYN065-1.spass,0,7,3,7,3,210011,0.0,0.0,0.0,0.0,0,2121824
\MGT\MGT009-1.spass,0,37,19,37,19,323885065,0.0,0.0,0.0,0.0,0,32317253
\GRP\GRP028-3.spass,0,8,4,8,4,5791099,0.0,0.0,0.0,0.0,0,8840603
\LCL\LCL441-2.spass,0,7,4,7,4,444103,0.0,0.0,0.0,0.0,0,2293149
\COL\COL113-2.spass,0,3,1,3,1,83294,0.0,0.0,0.0,0.0,0,962420
\SWV\SWV266-2.spass,0,5,2,5,2,97900,0.0,0.0,0.0,0.0,0,953341
\COL\COL111-2.spass,0,5,2,5,2,117638,0.0,0.0,0.0,0.0,0,1195722
\SET\SET786-1.spass,0,11,5,11,5,2866337,0.0,0.0,0.0,0.0,0,2841073
\COM\COM002-1.spass,0,19,10,19,10,416470,0.0,0.0,0.0,0.0,0,5548718
\ANA\ANA042-2.spass,0,3,1,3,1,102637,0.0,0.0,0.0,0.0,0,848730
\MSC\MSC004-1.spass,0,20,10,20,10,2801597,0.0,0.0,0.0,0.0,0,5213173
\SWV\SWV009-1.spass,0,21,13,21,13,3432815,0.0,0.0,0.0,0.0,0,4322994
\SYN\SYN370+1.spass,0,4,2,4,2,754777,0.0,0.0,0.0,0.0,0,1963526
\SWV\SWV337-2.spass,0,23,13,23,13,3295439,0.0,0.0,0.0,0.0,0,8764021
\SEU\SEU158+1.spass,0,9,3,9,3,125138,0.0,0.0,0.0,0.0,0,1489422
\SWV\SWV335-2.spass,1,18,9,18,8,4456817,0.0,0.0,0.05555555555555555,2.243753782127469E-7,0,6559692
\SYN\SYN619-1.spass,0,24,12,24,12,3330572,0.0,0.0,0.0,0.0,0,5451607
\SWV\SWV279-2.spass,0,19,11,19,11,1569558,0.0,0.0,0.0,0.0,0,6717991
\COL\COL109-2.spass,0,14,7,14,7,1648509,0.0,0.0,0.0,0.0,0,11084803
\SYN\SYN034-1.spass,0,11,5,11,5,2258015,0.0,0.0,0.0,0.0,0,4675512
\SYN\SYN676-1.spass,0,14,7,14,7,823860,0.0,0.0,0.0,0.0,0,3404787
\SYN\SYN661-1.spass,0,14,7,14,7,435813,0.0,0.0,0.0,0.0,0,3348731
\SYN\SYN674-1.spass,0,14,7,14,7,415680,0.0,0.0,0.0,0.0,0,3246883
\PUZ\PUZ035-7.spass,1,28,19,28,18,53546545,0.0,0.0,0.03571428571428571,1.867534123816952E-8,0,11598778
\SET\SET055-7.spass,0,6,2,6,2,110137,0.0,0.0,0.0,0.0,0,1054004
\LCL\LCL438-2.spass,0,10,5,10,5,713327,0.0,0.0,0.0,0.0,0,5930448
\SYN\SYN346-1.spass,0,4,2,4,2,1396654,0.0,0.0,0.0,0.0,0,1151509
\SWV\SWV263-2.spass,0,9,4,9,4,180404,0.0,0.0,0.0,0.0,0,2128535
\PUZ\PUZ047+1.spass,0,16,8,16,8,545160,0.0,0.0,0.0,0.0,0,3674012
\SYN\SYN031-1.spass,0,8,4,8,4,2050372,0.0,0.0,0.0,0.0,0,4175749
\MGT\MGT018-1.spass,1,40,21,40,20,258255375,0.0,0.0,0.025,3.8721362527304614E-9,0,133553713
\MGT\MGT016-1.spass,1,40,21,40,20,279166887,0.0,0.0,0.025,3.582086725063492E-9,0,106756756
\SYN\SYN671-1.spass,0,14,7,14,7,742934,0.0,0.0,0.0,0.0,0,6405343
\SYN\SYN630-1.spass,0,11,5,11,5,396337,0.0,0.0,0.0,0.0,0,4572481
\CSR\CSR050+1.spass,0,26,14,26,14,819912,0.0,0.0,0.0,0.0,0,8560326
\PUZ\PUZ035-6.spass,0,9,6,9,6,435812,0.0,0.0,0.0,0.0,0,3374786
\SYN\SYN587-1.spass,0,16,8,16,8,840045,0.0,0.0,0.0,0.0,0,6273888
\COL\COL120-2.spass,0,5,2,5,2,143297,0.0,0.0,0.0,0.0,0,1367046
\SYN\SYN570-1.spass,0,22,11,22,11,2223671,0.0,0.0,0.0,0.0,0,6069798
\SYN\SYN717-1.spass,1,16,8,16,7,7758572,0.0,0.0,0.0625,1.2888969774334762E-7,0,5333180
\PUZ\PUZ047-1.spass,0,16,8,16,8,534108,0.0,0.0,0.0,0.0,0,5827416
\SET\SET590+3.spass,0,8,3,8,3,209616,0.0,0.0,0.0,0.0,0,2059847
\SYN\SYN082+1.spass,0,9,4,9,4,964788,0.0,0.0,0.0,0.0,0,1631139
\SYN\SYN571-1.spass,0,16,8,16,8,4580770,0.0,0.0,0.0,0.0,0,6837207
\GRP\GRP001+6.spass,0,26,16,26,16,25038706,0.0,0.0,0.0,0.0,0,24353800
\SYN\SYN727-1.spass,0,5,2,5,2,104216,0.0,0.0,0.0,0.0,0,1087558
\SYN\SYN656-1.spass,0,19,10,19,10,3851653,0.0,0.0,0.0,0.0,0,5502136
\CSR\CSR035+1.spass,0,5,2,5,2,91190,0.0,0.0,0.0,0.0,0,941498
\SYN\SYN613-1.spass,0,20,11,20,11,573978,0.0,0.0,0.0,0.0,0,4659328
\SYN\SYN626-1.spass,0,16,8,16,8,1559294,0.0,0.0,0.0,0.0,0,3443868
\TOP\TOP022+1.spass,0,13,6,13,6,261329,0.0,0.0,0.0,0.0,0,3320309
\SET\SET835-2.spass,0,7,3,7,3,129086,0.0,0.0,0.0,0.0,0,1318097
\SWV\SWV258-2.spass,0,11,5,11,5,374230,0.0,0.0,0.0,0.0,0,2471974
\SYN\SYN014-2.spass,0,10,5,10,5,210011,0.0,0.0,0.0,0.0,0,1996686
\SET\SET631+3.spass,1,12,6,12,5,2228804,0.0,0.0,0.08333333333333333,4.4867112585942955E-7,0,2399339
\SYN\SYN655-1.spass,0,17,9,17,9,3195565,0.0,0.0,0.0,0.0,0,17610152
\SYN\SYN668-1.spass,0,14,7,14,7,427918,0.0,0.0,0.0,0.0,0,3252016
\SYN\SYN653-1.spass,0,18,9,18,9,6579036,0.0,0.0,0.0,0.0,0,9781312
\SWV\SWV341-2.spass,0,7,3,7,3,164219,0.0,0.0,0.0,0.0,0,2080375
\SYN\SYN340-1.spass,0,3,1,3,1,90004,0.0,0.0,0.0,0.0,0,739777
\TOP\TOP021+1.spass,0,9,4,9,4,231722,0.0,0.0,0.0,0.0,0,2399733
\SET\SET834-2.spass,0,23,11,23,11,1417181,0.0,0.0,0.0,0.0,0,6804048
\SYN\SYN312-1.spass,0,21,13,21,13,1677721,0.0,0.0,0.0,0.0,0,3837442
\COL\COL117-2.spass,0,14,7,14,7,963209,0.0,0.0,0.0,0.0,0,6993531
\SWV\SWV257-2.spass,0,5,2,5,2,115269,0.0,0.0,0.0,0.0,0,1093479
\SYN\SYN310-1.spass,0,19,13,19,13,2123403,0.0,0.0,0.0,0.0,0,2935025
\SWV\SWV255-2.spass,0,12,6,12,6,445681,0.0,0.0,0.0,0.0,0,3392550
\SET\SET832-2.spass,0,7,3,7,3,154745,0.0,0.0,0.0,0.0,0,1284937
\SYN\SYN325-1.spass,0,6,3,6,3,365151,0.0,0.0,0.0,0.0,0,1192564
\SWB\SWB024+2.spass,0,24,12,24,12,660430,0.0,0.0,0.0,0.0,0,7299469
\SYN\SYN680-1.spass,0,14,7,14,7,436997,0.0,0.0,0.0,0.0,0,3391366
\SYN\SYN596-1.spass,0,13,6,13,6,493447,0.0,0.0,0.0,0.0,0,3101219
\SYN\SYN594-1.spass,1,23,12,19,9,3697303,0.17391304347826086,1.0818696763559816E-6,0.13043478260869565,8.114022572669863E-7,0,9069958
\SYN\SYN079+1.spass,0,7,3,7,3,153166,0.0,0.0,0.0,0.0,0,1566795
\SYN\SYN566-1.spass,0,32,18,32,18,2524477,0.0,0.0,0.0,0.0,0,9324972
\GRP\GRP012+5.spass,0,21,13,21,13,11895635,0.0,0.0,0.0,0.0,0,15122782
\SWV\SWV280-2.spass,0,5,2,5,2,180405,0.0,0.0,0.0,0.0,0,1963131
\SET\SET046-5.spass,0,11,5,11,5,2670142,0.0,0.0,0.0,0.0,0,3806256
\COL\COL112-2.spass,0,5,2,5,2,164615,0.0,0.0,0.0,0.0,0,2130114
\COM\COM002-2.spass,0,21,12,21,12,2121429,0.0,0.0,0.0,0.0,0,4778150
\SET\SET899+1.spass,0,7,3,7,3,219485,0.0,0.0,0.0,0.0,0,1661536
\SYN\SYN593-1.spass,0,13,6,13,6,493842,0.0,0.0,0.0,0.0,0,7637777
\LAT\LAT271-2.spass,0,7,3,7,3,186720,0.0,0.0,0.0,0.0,0,1891286
\SWV\SWV364-2.spass,0,9,4,9,4,478052,0.0,0.0,0.0,0.0,0,2936210
\SWV\SWV323-2.spass,0,37,17,37,17,1812334,0.0,0.0,0.0,0.0,0,16595623
\SET\SET859-2.spass,0,7,3,7,3,253040,0.0,0.0,0.0,0.0,0,2913314
\SWV\SWV321-2.spass,0,24,10,24,10,1198485,0.0,0.0,0.0,0.0,0,9716177
\SET\SET829-2.spass,0,7,3,7,3,140139,0.0,0.0,0.0,0.0,0,1967869
\SWV\SWV239-2.spass,0,12,5,12,5,611875,0.0,0.0,0.0,0.0,0,3882049
\SYN\SYN035-1.spass,0,9,6,9,6,414891,0.0,0.0,0.0,0.0,0,6581404
\SYN\SYN048-1.spass,0,3,1,3,1,74215,0.0,0.0,0.0,0.0,0,898864
\SYN\SYN677-1.spass,0,14,7,14,7,449234,0.0,0.0,0.0,0.0,0,4233384
\CSR\CSR054+1.spass,0,5,2,5,2,251856,0.0,0.0,0.0,0.0,0,1169273
\SYN\SYN632-1.spass,1,24,13,24,12,26747219,0.0,0.0,0.041666666666666664,3.7387064427146615E-8,0,13297815
\LCL\LCL439-2.spass,0,13,6,13,6,448445,0.0,0.0,0.0,0.0,0,3992187
\SWV\SWV320-2.spass,0,7,3,7,3,205274,0.0,0.0,0.0,0.0,0,1739304
\SYN\SYN604-1.spass,0,26,15,26,15,13500326,0.0,0.0,0.0,0.0,0,9767101
\COL\COL124-2.spass,0,6,2,6,2,493842,0.0,0.0,0.0,0.0,0,5101851
\SWV\SWV264-2.spass,0,5,2,5,2,192642,0.0,0.0,0.0,0.0,0,1665484
\COL\COL122-2.spass,0,5,2,5,2,212774,0.0,0.0,0.0,0.0,0,2117876
\TOP\TOP004-2.spass,0,3,1,3,1,106980,0.0,0.0,0.0,0.0,0,962815
\SWV\SWV277-2.spass,0,9,4,9,4,213564,0.0,0.0,0.0,0.0,0,4024162
\PUZ\PUZ008-3.spass,0,49,31,49,31,30184376,0.0,0.0,0.0,0.0,0,90502598
\MGT\MGT004-1.spass,0,47,29,48,29,800359072,-0.02127659574468085,-1.249439201708705E-9,0.0,0.0,0,603374470
\SWB\SWB003+2.spass,0,3,1,3,1,71846,0.0,0.0,0.0,0.0,0,622533
\MGT\MGT002-1.spass,1,31,17,30,15,71080112,0.03225806451612903,1.4068632868783324E-8,0.06451612903225806,2.813726573756665E-8,0,60830618
\SWV\SWV291-2.spass,0,23,11,23,11,1023213,0.0,0.0,0.0,0.0,0,8529930
\PUZ\PUZ035-5.spass,0,9,6,9,6,293700,0.0,0.0,0.0,0.0,0,2140377
\SYN\SYN588-1.spass,0,7,3,7,3,301595,0.0,0.0,0.0,0.0,0,2637378
\SWB\SWB030+2.spass,1,22,12,22,11,5069876,0.0,0.0,0.045454545454545456,1.9724348287808223E-7,0,6783915
\MGT\MGT003-1.spass,1,31,17,30,15,76503297,0.03225806451612903,1.3071332076054187E-8,0.06451612903225806,2.6142664152108373E-8,0,65182824
\COM\COM011-2.spass,0,27,15,27,15,5825442,0.0,0.0,0.0,0.0,0,9932899
\SWV\SWV305-2.spass,0,30,16,30,16,8018324,0.0,0.0,0.0,0.0,0,16972222
\SET\SET836-2.spass,0,7,3,7,3,187510,0.0,0.0,0.0,0.0,0,2003001
\SYN\SYN654-1.spass,0,17,9,17,9,4014294,0.0,0.0,0.0,0.0,0,23283217
\LCL\LCL433-2.spass,0,15,7,15,7,456340,0.0,0.0,0.0,0.0,0,6242702
\SET\SET850-2.spass,0,7,3,7,3,163035,0.0,0.0,0.0,0.0,0,1584953
\CAT\CAT007-3.spass,0,7,3,7,3,108164,0.0,0.0,0.0,0.0,0,1114007
\SYN\SYN557-1.spass,0,16,9,16,9,909522,0.0,0.0,0.0,0.0,0,3884418
\SYN\SYN341-1.spass,0,3,1,3,1,68293,0.0,0.0,0.0,0.0,0,631613
\SWV\SWV286-2.spass,0,16,7,16,7,1620877,0.0,0.0,0.0,0.0,0,7964241
\SYN\SYN354-1.spass,0,14,7,14,7,2213803,0.0,0.0,0.0,0.0,0,2798834
\COL\COL118-2.spass,0,9,4,9,4,297647,0.0,0.0,0.0,0.0,0,3773491
\SWV\SWV284-2.spass,0,12,6,12,6,482789,0.0,0.0,0.0,0.0,0,3971265
\COL\COL103-2.spass,0,3,1,3,1,97110,0.0,0.0,0.0,0.0,0,881494
\SYN\SYN311-1.spass,0,19,13,19,13,1365863,0.0,0.0,0.0,0.0,0,4183644
\SWV\SWV256-2.spass,0,5,2,5,2,122770,0.0,0.0,0.0,0.0,0,1177169
\SYN\SYN082-1.spass,0,15,5,15,5,2119061,0.0,0.0,0.0,0.0,0,3924683
\COL\COL116-2.spass,0,3,1,3,1,169351,0.0,0.0,0.0,0.0,0,1358362
\SYN\SYN683-1.spass,0,14,7,14,7,714512,0.0,0.0,0.0,0.0,0,5446870
\SYN\SYN681-1.spass,0,14,7,14,7,440156,0.0,0.0,0.0,0.0,0,4905657
\SET\SET588+3.spass,0,22,11,22,11,901232,0.0,0.0,0.0,0.0,0,8876132
\LCL\LCL445-2.spass,0,13,7,13,7,835702,0.0,0.0,0.0,0.0,0,4623405
\LCL\LCL430-2.spass,0,17,9,17,9,1697459,0.0,0.0,0.0,0.0,0,13068461
\LCL\LCL443-2.spass,0,17,9,17,9,1449157,0.0,0.0,0.0,0.0,0,8087011
\ANA\ANA004-4.spass,0,31,13,31,13,1636271,0.0,0.0,0.0,0.0,0,12739628
\SYN\SYN569-1.spass,1,31,20,26,14,39236964,0.16129032258064516,1.274308583100364E-7,0.1935483870967742,1.529170299720437E-7,0,34007211
\SYN\SYN554-1.spass,0,21,13,21,13,5969924,0.0,0.0,0.0,0.0,0,6276651
\SWV\SWV283-2.spass,0,14,6,14,6,473709,0.0,0.0,0.0,0.0,0,4748543
\COL\COL102-2.spass,0,11,5,11,5,401075,0.0,0.0,0.0,0.0,0,4485635
\SWV\SWV242-2.spass,0,15,8,15,8,537661,0.0,0.0,0.0,0.0,0,6047692
\COL\COL115-2.spass,0,5,2,5,2,185141,0.0,0.0,0.0,0.0,0,1951683
\SWV\SWV270-2.spass,0,18,9,18,9,721618,0.0,0.0,0.0,0.0,0,4073507
\SWV\SWV240-2.spass,0,12,5,12,5,376600,0.0,0.0,0.0,0.0,0,3624273
\SEU\SEU264+1.spass,0,12,6,12,6,1073347,0.0,0.0,0.0,0.0,0,3030162
\SEU\SEU163+3.spass,0,5,2,5,2,86057,0.0,0.0,0.0,0.0,0,874389
\SET\SET818-2.spass,0,3,1,3,1,56055,0.0,0.0,0.0,0.0,0,564109
\RNG\RNG038-2.spass,0,12,6,12,6,1076110,0.0,0.0,0.0,0.0,0,2363811
\SYN\SYN338-1.spass,0,3,1,3,1,60004,0.0,0.0,0.0,0.0,0,582268
