proof,compressed?,length,resOnlyLength,compressedLengthAll,compressedLengthResOnly,compressTime,compressRatio,compressSpeed,compressRatioRes,compressSpeedRes,numFOSub,totalTime
\SYN\SYN079-1.spass,0,7,3,7,3,18036095,0.0,0.0,0.0,0.0,0,194062604
\SYN\SYN064-1.spass,0,3,1,3,1,372652,0.0,0.0,0.0,0.0,0,10104619
\KRS\KRS017-1.spass,0,9,4,9,4,4433132,0.0,0.0,0.0,0.0,0,28442704
\SYN\SYN665-1.spass,0,14,7,14,7,6339812,0.0,0.0,0.0,0.0,0,45356502
\GRP\GRP028-4.spass,0,8,4,8,4,33330991,0.0,0.0,0.0,0.0,0,97105714
\CSR\CSR070+1.spass,0,17,8,17,8,1807202,0.0,0.0,0.0,0.0,0,22886881
\SYN\SYN678-1.spass,0,14,7,14,7,2048399,0.0,0.0,0.0,0.0,0,23886013
\SYN\SYN663-1.spass,0,14,7,14,7,3314782,0.0,0.0,0.0,0.0,0,24132736
\MGT\MGT008-1.spass,0,37,20,38,20,674307338,-0.02702702702702703,-1.483003288924612E-9,0.0,0.0,0,267932866
\SET\SET913+1.spass,0,5,2,5,2,256987,0.0,0.0,0.0,0.0,0,4005609
\SYN\SYN620-1.spass,0,15,7,15,7,1135324,0.0,0.0,0.0,0.0,0,17577781
\SWV\SWV267-2.spass,0,7,3,7,3,264882,0.0,0.0,0.0,0.0,0,6740887
\SYN\SYN730+1.spass,0,4,2,4,2,194221,0.0,0.0,0.0,0.0,0,3137536
\SET\SET842-2.spass,0,15,6,15,6,1280990,0.0,0.0,0.0,0.0,0,22065785
\SWV\SWV265-2.spass,0,5,2,5,2,467789,0.0,0.0,0.0,0.0,0,6609038
\SYN\SYN333-1.spass,0,9,6,9,6,816754,0.0,0.0,0.0,0.0,0,14289053
\MGT\MGT036-2.spass,0,26,15,26,15,2141167,0.0,0.0,0.0,0.0,0,26221006
\MGT\MGT007-1.spass,0,49,27,50,27,112983273,-0.02040816326530612,-8.850867685520139E-9,0.0,0.0,0,1034848046
\SYN\SYN662-1.spass,0,14,7,14,7,2219723,0.0,0.0,0.0,0.0,0,13841792
\SYN\SYN675-1.spass,0,14,7,14,7,1179931,0.0,0.0,0.0,0.0,0,11239153
\SYN\SYN660-1.spass,0,14,7,14,7,1732198,0.0,0.0,0.0,0.0,0,11104540
\SWB\SWB019+2.spass,0,7,3,7,3,402653,0.0,0.0,0.0,0.0,0,6958003
\CSR\CSR052+1.spass,0,25,15,25,15,1362309,0.0,0.0,0.0,0.0,0,12229206
\SWV\SWV292-2.spass,0,34,18,34,18,2523293,0.0,0.0,0.0,0.0,0,32556871
\SWV\SWV290-2.spass,0,21,11,21,11,2691855,0.0,0.0,0.0,0.0,0,26101395
\SYN\SYN706-1.spass,0,18,8,18,8,1543109,0.0,0.0,0.0,0.0,0,18462039
\SYN\SYN719-1.spass,0,17,8,17,8,1142035,0.0,0.0,0.0,0.0,0,15656100
\PUZ\PUZ008-1.spass,0,5,2,5,2,300805,0.0,0.0,0.0,0.0,0,9390502
\SWV\SWV349-2.spass,0,3,1,3,1,144876,0.0,0.0,0.0,0.0,0,1764963
\SWV\SWV308-2.spass,0,40,21,40,21,5947028,0.0,0.0,0.0,0.0,0,31187456
\SYN\SYN731-1.spass,0,3,1,3,1,116059,0.0,0.0,0.0,0.0,0,1589295
\SWV\SWV331-2.spass,0,12,6,12,6,552267,0.0,0.0,0.0,0.0,0,8255573
\SET\SET852-2.spass,0,13,5,13,5,827412,0.0,0.0,0.0,0.0,0,15276738
\SYN\SYN345-1.spass,0,20,7,20,7,1776411,0.0,0.0,0.0,0.0,0,10805708
\SET\SET826-2.spass,0,7,3,7,3,208038,0.0,0.0,0.0,0.0,0,2111165
\SET\SET824-2.spass,0,4,2,4,2,141323,0.0,0.0,0.0,0.0,0,1191775
\SYN\SYN343-1.spass,0,5,1,5,1,122770,0.0,0.0,0.0,0.0,0,1322834
\SWV\SWV247-2.spass,0,38,26,38,26,12119069,0.0,0.0,0.0,0.0,0,28993391
\PLA\PLA003-1.spass,0,15,7,15,7,485157,0.0,0.0,0.0,0.0,0,4749333
\SYN\SYN687-1.spass,0,14,6,14,6,32396599,0.0,0.0,0.0,0.0,0,15540435
\SYN\SYN685-1.spass,0,14,7,14,7,457130,0.0,0.0,0.0,0.0,0,5749255
\SYN\SYN657-1.spass,0,18,9,18,9,2556058,0.0,0.0,0.0,0.0,0,7756994
\SWV\SWV330-2.spass,0,3,1,3,1,84083,0.0,0.0,0.0,0.0,0,974263
\LCL\LCL447-2.spass,0,7,3,7,3,206064,0.0,0.0,0.0,0.0,0,2428550
\SWV\SWV289-2.spass,0,18,8,18,8,916233,0.0,0.0,0.0,0.0,0,13211364
\SWV\SWV287-2.spass,0,18,8,18,8,1108481,0.0,0.0,0.0,0.0,0,9351815
\SYN\SYN084-2.spass,0,40,22,40,22,2297886,0.0,0.0,0.0,0.0,0,16871165
\SWV\SWV246-2.spass,1,19,11,19,10,3859154,0.0,0.0,0.05263157894736842,2.591241500080069E-7,0,8557957
\COL\COL119-2.spass,0,5,2,5,2,135402,0.0,0.0,0.0,0.0,0,2962263
\SWV\SWV259-2.spass,0,9,4,9,4,203301,0.0,0.0,0.0,0.0,0,2396575
\SWV\SWV244-2.spass,0,13,7,13,7,660036,0.0,0.0,0.0,0.0,0,2848179
\SYN\SYN684-1.spass,0,14,7,14,7,464630,0.0,0.0,0.0,0.0,0,4154432
\SYN\SYN682-1.spass,0,14,7,14,7,454761,0.0,0.0,0.0,0.0,0,5057244
\SET\SET589+3.spass,0,11,5,11,5,309885,0.0,0.0,0.0,0.0,0,2969369
\SYN\SYN585-1.spass,0,13,6,13,6,277910,0.0,0.0,0.0,0.0,0,4140616
\SYN\SYN583-1.spass,0,18,9,18,9,2929104,0.0,0.0,0.0,0.0,0,4724068
\SWV\SWV271-2.spass,0,18,9,18,9,997948,0.0,0.0,0.0,0.0,0,8546114
\GRP\GRP003-1.spass,0,15,10,15,10,206824734,0.0,0.0,0.0,0.0,0,17524883
\SYN\SYN555-1.spass,0,11,5,11,5,457919,0.0,0.0,0.0,0.0,0,4169433
\COL\COL101-2.spass,0,3,1,3,1,92374,0.0,0.0,0.0,0.0,0,1293227
\GRP\GRP031-2.spass,0,12,7,12,7,1077294,0.0,0.0,0.0,0.0,0,6792205
\SYN\SYN582-1.spass,0,15,7,15,7,326859,0.0,0.0,0.0,0.0,0,3904550
\MGT\MGT036+2.spass,1,36,23,36,22,4683803,0.0,0.0,0.027777777777777776,2.1350172071711812E-7,0,11219415
\RNG\RNG039-2.spass,1,36,20,36,19,2923577,0.0,0.0,0.027777777777777776,3.420467461606108E-7,0,8869422
\LAT\LAT273-2.spass,1,16,9,15,7,3706382,0.0625,2.6980489328946664E-7,0.125,5.396097865789333E-7,0,7173541
\SYN\SYN669-1.spass,0,14,7,14,7,491868,0.0,0.0,0.0,0.0,0,4169433
\SYN\SYN667-1.spass,0,14,7,14,7,923339,0.0,0.0,0.0,0.0,0,5242780
\SWV\SWV355-2.spass,0,15,8,15,8,851098,0.0,0.0,0.0,0.0,0,5789914
\CSR\CSR046+1.spass,0,3,1,3,1,73030,0.0,0.0,0.0,0.0,0,842414
\SEU\SEU163+1.spass,0,5,2,5,2,105795,0.0,0.0,0.0,0.0,0,1119139
\SWV\SWV312-2.spass,0,5,2,5,2,194221,0.0,0.0,0.0,0.0,0,4232200
\SET\SET833-2.spass,0,7,3,7,3,140928,0.0,0.0,0.0,0.0,0,1613770
\SWV\SWV310-2.spass,0,5,2,5,2,202116,0.0,0.0,0.0,0.0,0,2581323
\SET\SET846-2.spass,0,9,4,9,4,293699,0.0,0.0,0.0,0.0,0,2512634
\SYN\SYN339-1.spass,0,3,1,3,1,84873,0.0,0.0,0.0,0.0,0,832939
\LCL\LCL429-2.spass,0,17,9,17,9,2406839,0.0,0.0,0.0,0.0,0,11869187
\SWV\SWV011-1.spass,0,5,2,5,2,117637,0.0,0.0,0.0,0.0,0,1257699
\LAT\LAT272-2.spass,0,7,3,7,3,157904,0.0,0.0,0.0,0.0,0,1917339
\LAT\LAT270-2.spass,0,9,4,9,4,196194,0.0,0.0,0.0,0.0,0,1967079
\SYN\SYN666-1.spass,0,14,7,14,7,513580,0.0,0.0,0.0,0.0,0,4383392
\SYN\SYN679-1.spass,0,14,7,14,7,466604,0.0,0.0,0.0,0.0,0,3834679
\SYN\SYN664-1.spass,0,14,7,14,7,439761,0.0,0.0,0.0,0.0,0,3830731
\CSR\CSR058+1.spass,0,5,2,5,2,75399,0.0,0.0,0.0,0.0,0,996764
\SYN\SYN636-1.spass,0,23,14,23,14,7398948,0.0,0.0,0.0,0.0,0,16204418
\SYN\SYN621-1.spass,0,12,5,12,5,590952,0.0,0.0,0.0,0.0,0,7693833
\SET\SET830-2.spass,0,23,11,23,11,1119138,0.0,0.0,0.0,0.0,0,9518798
\SYN\SYN336-1.spass,0,3,1,3,1,65135,0.0,0.0,0.0,0.0,0,770963
\SYN\SYN066-1.spass,0,8,4,8,4,195406,0.0,0.0,0.0,0.0,0,1938656
\MGT\MGT036-1.spass,0,26,15,26,15,1234408,0.0,0.0,0.0,0.0,0,11090330
\MGT\MGT006-1.spass,0,45,26,45,26,115094833,0.0,0.0,0.0,0.0,0,176610750
\LCL\LCL440-2.spass,0,3,1,3,1,82899,0.0,0.0,0.0,0.0,0,897285
\SWV\SWV293-2.spass,0,20,11,20,11,1349282,0.0,0.0,0.0,0.0,0,9222335
\SYN\SYN562-1.spass,1,12,6,10,4,11181124,0.16666666666666666,1.7887289327978118E-7,0.16666666666666666,1.7887289327978118E-7,0,3169512
\COL\COL110-2.spass,0,18,8,18,8,1893259,0.0,0.0,0.0,0.0,0,12513826
\COL\COL123-2.spass,0,19,8,19,8,1007817,0.0,0.0,0.0,0.0,0,26963152
\COM\COM001-1.spass,0,13,6,13,6,1206775,0.0,0.0,0.0,0.0,0,6856155
\SEU\SEU158+3.spass,0,9,3,9,3,356072,0.0,0.0,0.0,0.0,0,3388207
\SWV\SWV309-2.spass,0,5,2,5,2,383705,0.0,0.0,0.0,0.0,0,4875655
\ANA\ANA041-2.spass,0,3,1,3,1,121586,0.0,0.0,0.0,0.0,0,2406839
\SYN\SYN561-1.spass,1,20,12,18,10,5110536,0.1,3.91348383026751E-7,0.1,3.91348383026751E-7,0,8377158
\SET\SET828-2.spass,0,7,3,7,3,321333,0.0,0.0,0.0,0.0,0,2952789
\MSC\MSC005-1.spass,0,14,6,14,6,727934,0.0,0.0,0.0,0.0,0,8401239
\MSC\MSC003-1.spass,0,15,7,15,7,1111244,0.0,0.0,0.0,0.0,0,10785971
\SYN\SYN006-1.spass,0,13,6,13,6,1988001,0.0,0.0,0.0,0.0,0,8079905
\SYN\SYN648-1.spass,0,15,7,15,7,5356470,0.0,0.0,0.0,0.0,0,21483911
\SWV\SWV336-2.spass,0,3,1,3,1,235276,0.0,0.0,0.0,0.0,0,2375258
\SWV\SWV334-2.spass,0,3,1,3,1,191458,0.0,0.0,0.0,0.0,0,1567978
\SYN\SYN618-1.spass,0,23,12,23,12,1024002,0.0,0.0,0.0,0.0,0,19756056
\SET\SET827-2.spass,0,7,3,7,3,393969,0.0,0.0,0.0,0.0,0,3347152
\SET\SET009+3.spass,0,25,13,25,13,2395391,0.0,0.0,0.0,0.0,0,24389329
\LCL\LCL437-2.spass,0,5,2,5,2,2109981,0.0,0.0,0.0,0.0,0,4508135
\SWV\SWV333-2.spass,0,3,1,3,1,215932,0.0,0.0,0.0,0.0,0,3559532
\SET\SET055-6.spass,0,9,3,9,3,292121,0.0,0.0,0.0,0.0,0,5494241
\SYN\SYN589-1.spass,0,7,3,7,3,482395,0.0,0.0,0.0,0.0,0,5460291
\LCL\LCL435-2.spass,0,5,2,5,2,312254,0.0,0.0,0.0,0.0,0,3252410
\SYN\SYN559-1.spass,1,20,12,18,10,7045245,0.1,2.8387941086505866E-7,0.1,2.8387941086505866E-7,0,12766866
\TOP\TOP002-2.spass,0,5,2,5,2,1082032,0.0,0.0,0.0,0.0,0,1900365
\SYN\SYN073-1.spass,0,4,2,4,2,368703,0.0,0.0,0.0,0.0,0,5626090
\SWV\SWV273-2.spass,0,11,5,11,5,554635,0.0,0.0,0.0,0.0,0,4386945
\SWV\SWV288-2.spass,0,17,8,17,8,2644088,0.0,0.0,0.0,0.0,0,10607935
\COL\COL105-2.spass,0,5,2,5,2,218301,0.0,0.0,0.0,0.0,0,2715934
\SWV\SWV245-2.spass,1,19,11,19,10,8462031,0.0,0.0,0.05263157894736842,1.1817493932603177E-7,0,11025589
\MGT\MGT017-1.spass,1,42,23,42,22,213375346,0.0,0.0,0.023809523809523808,4.686577051877399E-9,0,60339145
\MGT\MGT015-1.spass,1,42,23,42,22,161880358,0.0,0.0,0.023809523809523808,6.17740170799474E-9,0,67403732
\SYN\SYN670-1.spass,0,14,7,14,7,442919,0.0,0.0,0.0,0.0,0,4187592
\SWB\SWB012+2.spass,0,41,22,41,22,1482316,0.0,0.0,0.0,0.0,0,161439414
\SYN\SYN586-1.spass,0,14,7,14,7,491473,0.0,0.0,0.0,0.0,0,3799151
\LCL\LCL432-2.spass,0,5,2,5,2,123165,0.0,0.0,0.0,0.0,0,2023924
\TOP\TOP001-2.spass,0,33,16,33,16,2550531,0.0,0.0,0.0,0.0,0,16796950
\SWV\SWV272-2.spass,0,18,9,18,9,1049267,0.0,0.0,0.0,0.0,0,5082508
\GRP\GRP004-1.spass,0,12,7,12,7,492263,0.0,0.0,0.0,0.0,0,7344472
\COL\COL104-2.spass,0,11,5,11,5,387257,0.0,0.0,0.0,0.0,0,4591035
\SWV\SWV011+1.spass,0,5,2,5,2,93163,0.0,0.0,0.0,0.0,0,1045319
\SEU\SEU167+3.spass,0,11,5,11,5,310675,0.0,0.0,0.0,0.0,0,2817387
\SEU\SEU167+1.spass,0,11,5,11,5,321333,0.0,0.0,0.0,0.0,0,5677014
\SWV\SWV357-2.spass,0,9,4,9,4,275541,0.0,0.0,0.0,0.0,0,2820940
\SWV\SWV329-2.spass,0,20,10,20,10,874389,0.0,0.0,0.0,0.0,0,7680805
\SWV\SWV314-2.spass,0,13,6,13,6,423180,0.0,0.0,0.0,0.0,0,4823153
\SYN\SYN581-1.spass,0,18,9,18,9,1511923,0.0,0.0,0.0,0.0,0,4167459
\GEO\GEO002-4.spass,0,23,14,23,14,6462187,0.0,0.0,0.0,0.0,0,15706628
\MGT\MGT036+1.spass,0,34,21,34,21,2632640,0.0,0.0,0.0,0.0,0,10277128
\SWV\SWV358-2.spass,0,15,8,15,8,1033871,0.0,0.0,0.0,0.0,0,4764333
\SWV\SWV356-2.spass,0,7,3,7,3,226196,0.0,0.0,0.0,0.0,0,1744435
\SWV\SWV315-2.spass,0,24,10,24,10,677404,0.0,0.0,0.0,0.0,0,7336577
\SWV\SWV300-2.spass,0,29,15,29,15,1201643,0.0,0.0,0.0,0.0,0,10140541
\SWV\SWV328-2.spass,1,16,8,16,7,5202910,0.0,0.0,0.0625,1.9220013415569365E-7,0,5193041
\SWV\SWV313-2.spass,0,15,7,15,7,478052,0.0,0.0,0.0,0.0,0,5005136
\SET\SET819-2.spass,0,3,1,3,1,157509,0.0,0.0,0.0,0.0,0,873599
\SYN\SYN710-1.spass,0,16,7,16,7,1221775,0.0,0.0,0.0,0.0,0,7188147
\SET\SET915+1.spass,0,5,2,5,2,213564,0.0,0.0,0.0,0.0,0,2355126
\CSR\CSR072+1.spass,0,3,1,3,1,153955,0.0,0.0,0.0,0.0,0,1235197
\LCL\LCL442-2.spass,0,32,16,32,16,3434789,0.0,0.0,0.0,0.0,0,16612598
\SYN\SYN622-1.spass,0,14,7,14,7,3179380,0.0,0.0,0.0,0.0,0,5085272
\SWV\SWV299-2.spass,0,23,15,23,15,2295123,0.0,0.0,0.0,0.0,0,9592618
\SYN\SYN352-1.spass,0,17,8,17,8,7201569,0.0,0.0,0.0,0.0,0,5970713
\ANA\ANA003-4.spass,0,29,12,29,12,1322044,0.0,0.0,0.0,0.0,0,11656017
\SYN\SYN568-1.spass,0,13,6,13,6,293700,0.0,0.0,0.0,0.0,0,3089376
\SWV\SWV269-2.spass,0,5,2,5,2,87241,0.0,0.0,0.0,0.0,0,1079268
\COL\COL114-2.spass,0,5,2,5,2,123165,0.0,0.0,0.0,0.0,0,1395470
\SYN\SYN065-1.spass,0,7,3,7,3,122375,0.0,0.0,0.0,0.0,0,1573900
\MGT\MGT009-1.spass,0,37,19,37,19,40292942,0.0,0.0,0.0,0.0,0,27057104
\GRP\GRP028-3.spass,0,8,4,8,4,7068535,0.0,0.0,0.0,0.0,0,14061672
\LCL\LCL441-2.spass,0,7,4,7,4,626876,0.0,0.0,0.0,0.0,0,4411815
\COL\COL113-2.spass,0,3,1,3,1,80926,0.0,0.0,0.0,0.0,0,1111244
\SWV\SWV266-2.spass,0,5,2,5,2,96321,0.0,0.0,0.0,0.0,0,1155062
\COL\COL111-2.spass,0,5,2,5,2,113690,0.0,0.0,0.0,0.0,0,1375337
\SET\SET786-1.spass,0,11,5,11,5,708591,0.0,0.0,0.0,0.0,0,3428868
\COM\COM002-1.spass,0,19,10,19,10,444497,0.0,0.0,0.0,0.0,0,4527479
\ANA\ANA042-2.spass,0,3,1,3,1,88821,0.0,0.0,0.0,0.0,0,964394
\MSC\MSC004-1.spass,0,20,10,20,10,810833,0.0,0.0,0.0,0.0,0,6187436
\SWV\SWV009-1.spass,0,21,13,21,13,963999,0.0,0.0,0.0,0.0,0,6128617
\SYN\SYN370+1.spass,0,4,2,4,2,184746,0.0,0.0,0.0,0.0,0,1864836
\SWV\SWV337-2.spass,0,23,13,23,13,1097822,0.0,0.0,0.0,0.0,0,12775946
\SEU\SEU158+1.spass,0,9,3,9,3,130665,0.0,0.0,0.0,0.0,0,1702196
\SWV\SWV335-2.spass,1,18,9,18,8,2864758,0.0,0.0,0.05555555555555555,3.4906962472920924E-7,0,6383236
\SYN\SYN619-1.spass,0,24,12,24,12,731092,0.0,0.0,0.0,0.0,0,6059535
\SWV\SWV279-2.spass,0,19,11,19,11,1651272,0.0,0.0,0.0,0.0,0,7160119
\COL\COL109-2.spass,0,14,7,14,7,986895,0.0,0.0,0.0,0.0,0,6627986
\SYN\SYN034-1.spass,0,11,5,11,5,967946,0.0,0.0,0.0,0.0,0,4414972
\SYN\SYN676-1.spass,0,14,7,14,7,442524,0.0,0.0,0.0,0.0,0,6675751
\SYN\SYN661-1.spass,0,14,7,14,7,412522,0.0,0.0,0.0,0.0,0,3465579
\SYN\SYN674-1.spass,0,14,7,14,7,448445,0.0,0.0,0.0,0.0,0,4386945
\PUZ\PUZ035-7.spass,1,28,19,28,18,35259384,0.0,0.0,0.03571428571428571,2.8361244200976397E-8,0,11273102
\SET\SET055-7.spass,0,6,2,6,2,94347,0.0,0.0,0.0,0.0,0,1070188
\LCL\LCL438-2.spass,0,10,5,10,5,624112,0.0,0.0,0.0,0.0,0,4836969
\SYN\SYN346-1.spass,0,4,2,4,2,155929,0.0,0.0,0.0,0.0,0,1449552
\SWV\SWV263-2.spass,0,9,4,9,4,141323,0.0,0.0,0.0,0.0,0,1912602
\PUZ\PUZ047+1.spass,0,16,8,16,8,508448,0.0,0.0,0.0,0.0,0,3408340
\SYN\SYN031-1.spass,0,8,4,8,4,196590,0.0,0.0,0.0,0.0,0,1983264
\MGT\MGT018-1.spass,1,40,21,40,20,269290044,0.0,0.0,0.025,3.713468144407151E-9,0,121161078
\MGT\MGT016-1.spass,1,40,21,40,20,233110874,0.0,0.0,0.025,4.289804172756008E-9,0,112048880
\SYN\SYN671-1.spass,0,14,7,14,7,445286,0.0,0.0,0.0,0.0,0,5567666
\SYN\SYN630-1.spass,0,11,5,11,5,330412,0.0,0.0,0.0,0.0,0,4300493
\CSR\CSR050+1.spass,0,26,14,26,14,526212,0.0,0.0,0.0,0.0,0,5283835
\PUZ\PUZ035-6.spass,0,9,6,9,6,241198,0.0,0.0,0.0,0.0,0,2330651
\SYN\SYN587-1.spass,0,16,8,16,8,444103,0.0,0.0,0.0,0.0,0,4438658
\COL\COL120-2.spass,0,5,2,5,2,122375,0.0,0.0,0.0,0.0,0,1373758
\SYN\SYN570-1.spass,0,22,11,22,11,1463763,0.0,0.0,0.0,0.0,0,4379445
\SYN\SYN717-1.spass,1,16,8,16,7,4692882,0.0,0.0,0.0625,2.1308867344203414E-7,0,3954290
\PUZ\PUZ047-1.spass,0,16,8,16,8,681746,0.0,0.0,0.0,0.0,0,9100354
\SET\SET590+3.spass,0,8,3,8,3,187904,0.0,0.0,0.0,0.0,0,2415129
\SYN\SYN082+1.spass,0,9,4,9,4,178036,0.0,0.0,0.0,0.0,0,1674958
\SYN\SYN571-1.spass,0,16,8,16,8,2481054,0.0,0.0,0.0,0.0,0,4399972
\GRP\GRP001+6.spass,0,26,16,26,16,2370916,0.0,0.0,0.0,0.0,0,31671428
\SYN\SYN727-1.spass,0,5,2,5,2,121980,0.0,0.0,0.0,0.0,0,1489816
\SYN\SYN656-1.spass,0,19,10,19,10,1064267,0.0,0.0,0.0,0.0,0,6716017
\CSR\CSR035+1.spass,0,5,2,5,2,120796,0.0,0.0,0.0,0.0,0,1836808
\SYN\SYN613-1.spass,0,20,11,20,11,714512,0.0,0.0,0.0,0.0,0,6104142
\SYN\SYN626-1.spass,0,16,8,16,8,421207,0.0,0.0,0.0,0.0,0,3890340
\TOP\TOP022+1.spass,0,13,6,13,6,238038,0.0,0.0,0.0,0.0,0,3767964
\SET\SET835-2.spass,0,7,3,7,3,148429,0.0,0.0,0.0,0.0,0,2013266
\SWV\SWV258-2.spass,0,11,5,11,5,253829,0.0,0.0,0.0,0.0,0,2702512
\SYN\SYN014-2.spass,0,10,5,10,5,198958,0.0,0.0,0.0,0.0,0,1790228
\SET\SET631+3.spass,1,12,6,12,5,1690748,0.0,0.0,0.08333333333333333,5.914541966041066E-7,0,2753042
\SYN\SYN655-1.spass,0,17,9,17,9,2635404,0.0,0.0,0.0,0.0,0,22371327
\SYN\SYN668-1.spass,0,14,7,14,7,409364,0.0,0.0,0.0,0.0,0,3363337
\SYN\SYN653-1.spass,0,18,9,18,9,5218700,0.0,0.0,0.0,0.0,0,10952164
\SWV\SWV341-2.spass,0,7,3,7,3,135007,0.0,0.0,0.0,0.0,0,1578637
\SYN\SYN340-1.spass,0,3,1,3,1,108164,0.0,0.0,0.0,0.0,0,701090
\TOP\TOP021+1.spass,0,9,4,9,4,203695,0.0,0.0,0.0,0.0,0,2768437
\SET\SET834-2.spass,0,23,11,23,11,993211,0.0,0.0,0.0,0.0,0,8029771
\SYN\SYN312-1.spass,0,21,13,21,13,1909444,0.0,0.0,0.0,0.0,0,4111799
\COL\COL117-2.spass,0,14,7,14,7,933207,0.0,0.0,0.0,0.0,0,6849050
\SWV\SWV257-2.spass,0,5,2,5,2,82109,0.0,0.0,0.0,0.0,0,1065451
\SYN\SYN310-1.spass,0,19,13,19,13,2178274,0.0,0.0,0.0,0.0,0,2813046
\SWV\SWV255-2.spass,0,12,6,12,6,343439,0.0,0.0,0.0,0.0,0,3520846
\SET\SET832-2.spass,0,7,3,7,3,109348,0.0,0.0,0.0,0.0,0,1343756
\SYN\SYN325-1.spass,0,6,3,6,3,168561,0.0,0.0,0.0,0.0,0,1689959
\SWB\SWB024+2.spass,0,24,12,24,12,680957,0.0,0.0,0.0,0.0,0,8437950
\SYN\SYN680-1.spass,0,14,7,14,7,602006,0.0,0.0,0.0,0.0,0,4280360
\SYN\SYN596-1.spass,0,13,6,13,6,493053,0.0,0.0,0.0,0.0,0,3387418
\SYN\SYN594-1.spass,1,23,12,19,9,4550374,0.17391304347826086,8.790486232560224E-7,0.13043478260869565,6.592864674420169E-7,0,9870922
\SYN\SYN079+1.spass,0,7,3,7,3,375809,0.0,0.0,0.0,0.0,0,2273411
\SYN\SYN566-1.spass,0,32,18,32,18,2569874,0.0,0.0,0.0,0.0,0,7435266
\GRP\GRP012+5.spass,0,21,13,21,13,1678511,0.0,0.0,0.0,0.0,0,14885927
\SWV\SWV280-2.spass,0,5,2,5,2,108164,0.0,0.0,0.0,0.0,0,1577848
\SET\SET046-5.spass,0,11,5,11,5,820307,0.0,0.0,0.0,0.0,0,3457290
\COL\COL112-2.spass,0,5,2,5,2,133823,0.0,0.0,0.0,0.0,0,1793780
\COM\COM002-2.spass,0,21,12,21,12,2092217,0.0,0.0,0.0,0.0,0,4602483
\SET\SET899+1.spass,0,7,3,7,3,188694,0.0,0.0,0.0,0.0,0,2176300
\SYN\SYN593-1.spass,0,13,6,13,6,436997,0.0,0.0,0.0,0.0,0,8398080
\LAT\LAT271-2.spass,0,7,3,7,3,149613,0.0,0.0,0.0,0.0,0,1950499
\SWV\SWV364-2.spass,0,9,4,9,4,276725,0.0,0.0,0.0,0.0,0,2395391
\SWV\SWV323-2.spass,0,37,17,37,17,1731014,0.0,0.0,0.0,0.0,0,14649072
\SET\SET859-2.spass,0,7,3,7,3,155929,0.0,0.0,0.0,0.0,0,1905891
\SWV\SWV321-2.spass,0,24,10,24,10,778463,0.0,0.0,0.0,0.0,0,7511454
\SET\SET829-2.spass,0,7,3,7,3,125533,0.0,0.0,0.0,0.0,0,1708907
\SWV\SWV239-2.spass,0,12,5,12,5,318570,0.0,0.0,0.0,0.0,0,3654669
\SYN\SYN035-1.spass,0,9,6,9,6,306727,0.0,0.0,0.0,0.0,0,3657827
\SYN\SYN048-1.spass,0,3,1,3,1,71451,0.0,0.0,0.0,0.0,0,958867
\SYN\SYN677-1.spass,0,14,7,14,7,442524,0.0,0.0,0.0,0.0,0,5089613
\CSR\CSR054+1.spass,0,5,2,5,2,105795,0.0,0.0,0.0,0.0,0,1371784
\SYN\SYN632-1.spass,1,24,13,24,12,20615049,0.0,0.0,0.041666666666666664,4.850825239367609E-8,0,10217915
\LCL\LCL439-2.spass,0,13,6,13,6,419233,0.0,0.0,0.0,0.0,0,5427527
\SWV\SWV320-2.spass,0,7,3,7,3,158693,0.0,0.0,0.0,0.0,0,1967078
\SYN\SYN604-1.spass,0,26,15,26,15,2698959,0.0,0.0,0.0,0.0,0,11574303
\COL\COL124-2.spass,0,6,2,6,2,192247,0.0,0.0,0.0,0.0,0,3451763
\SWV\SWV264-2.spass,0,5,2,5,2,116848,0.0,0.0,0.0,0.0,0,1257699
\COL\COL122-2.spass,0,5,2,5,2,139349,0.0,0.0,0.0,0.0,0,1453894
\TOP\TOP004-2.spass,0,3,1,3,1,106979,0.0,0.0,0.0,0.0,0,1069400
\SWV\SWV277-2.spass,0,9,4,9,4,308306,0.0,0.0,0.0,0.0,0,3012793
\PUZ\PUZ008-3.spass,0,49,31,49,31,26297983,0.0,0.0,0.0,0.0,0,106576746
\MGT\MGT004-1.spass,0,47,29,48,29,107084800,-0.02127659574468085,-9.33839349748984E-9,0.0,0.0,0,632036659
\SWB\SWB003+2.spass,0,3,1,3,1,63556,0.0,0.0,0.0,0.0,0,679379
\MGT\MGT002-1.spass,1,31,17,30,15,19608416,0.03225806451612903,5.0998510027531034E-8,0.06451612903225806,1.0199702005506207E-7,0,63226798
\SWV\SWV291-2.spass,0,23,11,23,11,1777595,0.0,0.0,0.0,0.0,0,14012722
\PUZ\PUZ035-5.spass,0,9,6,9,6,377388,0.0,0.0,0.0,0.0,0,4164697
\SYN\SYN588-1.spass,0,7,3,7,3,283436,0.0,0.0,0.0,0.0,0,4654986
\SWB\SWB030+2.spass,1,22,12,22,11,2893181,0.0,0.0,0.045454545454545456,3.4564031769875443E-7,0,4904473
\MGT\MGT003-1.spass,1,31,17,30,15,20248318,0.03225806451612903,4.9386818203862665E-8,0.06451612903225806,9.877363640772533E-8,0,59591078
\COM\COM011-2.spass,0,27,15,27,15,3581638,0.0,0.0,0.0,0.0,0,9340762
\SWV\SWV305-2.spass,0,30,16,30,16,3680329,0.0,0.0,0.0,0.0,0,11798525
\SET\SET836-2.spass,0,7,3,7,3,128296,0.0,0.0,0.0,0.0,0,1727066
\SYN\SYN654-1.spass,0,17,9,17,9,5096720,0.0,0.0,0.0,0.0,0,21843140
\LCL\LCL433-2.spass,0,15,7,15,7,645429,0.0,0.0,0.0,0.0,0,8360184
\SET\SET850-2.spass,0,7,3,7,3,240407,0.0,0.0,0.0,0.0,0,2705671
\CAT\CAT007-3.spass,0,7,3,7,3,126717,0.0,0.0,0.0,0.0,0,2071295
\SYN\SYN557-1.spass,0,16,9,16,9,939129,0.0,0.0,0.0,0.0,0,4566560
\SYN\SYN341-1.spass,0,3,1,3,1,140533,0.0,0.0,0.0,0.0,0,1048082
\SWV\SWV286-2.spass,0,16,7,16,7,1338229,0.0,0.0,0.0,0.0,0,13803501
\SYN\SYN354-1.spass,0,14,7,14,7,374625,0.0,0.0,0.0,0.0,0,3425315
\COL\COL118-2.spass,0,9,4,9,4,274751,0.0,0.0,0.0,0.0,0,4069954
\SWV\SWV284-2.spass,0,12,6,12,6,646218,0.0,0.0,0.0,0.0,0,3407945
\COL\COL103-2.spass,0,3,1,3,1,139349,0.0,0.0,0.0,0.0,0,1520213
\SYN\SYN311-1.spass,0,19,13,19,13,1314939,0.0,0.0,0.0,0.0,0,7098143
\SWV\SWV256-2.spass,0,5,2,5,2,89215,0.0,0.0,0.0,0.0,0,1127429
\SYN\SYN082-1.spass,0,15,5,15,5,715696,0.0,0.0,0.0,0.0,0,3283991
\COL\COL116-2.spass,0,3,1,3,1,108164,0.0,0.0,0.0,0.0,0,864915
\SYN\SYN683-1.spass,0,14,7,14,7,454761,0.0,0.0,0.0,0.0,0,3247279
\SYN\SYN681-1.spass,0,14,7,14,7,412127,0.0,0.0,0.0,0.0,0,3813361
\SET\SET588+3.spass,0,22,11,22,11,1035055,0.0,0.0,0.0,0.0,0,7616064
\LCL\LCL445-2.spass,0,13,7,13,7,697933,0.0,0.0,0.0,0.0,0,6192567
\LCL\LCL430-2.spass,0,17,9,17,9,1710881,0.0,0.0,0.0,0.0,0,9019035
\LCL\LCL443-2.spass,0,17,9,17,9,740961,0.0,0.0,0.0,0.0,0,8319523
\ANA\ANA004-4.spass,0,31,13,31,13,1573899,0.0,0.0,0.0,0.0,0,10825052
\SYN\SYN569-1.spass,1,31,20,26,14,7708438,0.16129032258064516,6.486398411714539E-7,0.1935483870967742,7.783678094057447E-7,0,35572821
\SYN\SYN554-1.spass,0,21,13,21,13,1304280,0.0,0.0,0.0,0.0,0,6464555
\SWV\SWV283-2.spass,0,14,6,14,6,367519,0.0,0.0,0.0,0.0,0,4249569
\COL\COL102-2.spass,0,11,5,11,5,564898,0.0,0.0,0.0,0.0,0,4629721
\SWV\SWV242-2.spass,0,15,8,15,8,545556,0.0,0.0,0.0,0.0,0,5826627
\COL\COL115-2.spass,0,5,2,5,2,170141,0.0,0.0,0.0,0.0,0,2264332
\SWV\SWV270-2.spass,0,18,9,18,9,588584,0.0,0.0,0.0,0.0,0,4562217
\SWV\SWV240-2.spass,0,12,5,12,5,536871,0.0,0.0,0.0,0.0,0,3483739
\SEU\SEU264+1.spass,0,12,6,12,6,232513,0.0,0.0,0.0,0.0,0,3364522
\SEU\SEU163+3.spass,0,5,2,5,2,75399,0.0,0.0,0.0,0.0,0,876362
\SET\SET818-2.spass,0,3,1,3,1,55661,0.0,0.0,0.0,0.0,0,592926
\RNG\RNG038-2.spass,0,12,6,12,6,276725,0.0,0.0,0.0,0.0,0,2606192
\SYN\SYN338-1.spass,0,3,1,3,1,58819,0.0,0.0,0.0,0.0,0,645429
