proof,compressed?,length,resOnlyLength,compressedLengthAll,compressedLengthResOnly,compressTime,compressRatio,compressSpeed,compressRatioRes,compressSpeedRes,numFOSub,totalTime
\SYN\SYN079-1.spass,0,7,3,7,3,22609760,0.0,0.0,0.0,0.0,0,201465105
\SYN\SYN064-1.spass,0,3,1,3,1,573978,0.0,0.0,0.0,0.0,0,7695017
\KRS\KRS017-1.spass,1,9,4,11,3,32652402,-0.2222222222222222,-6.125123658590262E-8,0.1111111111111111,3.062561829295131E-8,2,30785987
\SYN\SYN665-1.spass,0,14,7,14,7,5822679,0.0,0.0,0.0,0.0,0,41316154
\GRP\GRP028-4.spass,0,8,4,-1,-1,-1,-1,-1,-1,-1,-1,-1-ERROR
\CSR\CSR070+1.spass,0,17,8,17,8,1455473,0.0,0.0,0.0,0.0,0,22573048
\SYN\SYN678-1.spass,0,14,7,14,7,2100507,0.0,0.0,0.0,0.0,0,22881749
\SYN\SYN663-1.spass,0,14,7,14,7,2031029,0.0,0.0,0.0,0.0,0,21300743
\MGT\MGT008-1.spass,1,37,20,36,16,1148796897,0.02702702702702703,8.704758888289372E-10,0.10810810810810811,3.481903555315749E-9,2,346910111
\SET\SET913+1.spass,0,5,2,5,2,323307,0.0,0.0,0.0,0.0,0,2624351
\SYN\SYN620-1.spass,0,15,7,15,7,941498,0.0,0.0,0.0,0.0,0,16465353
\SWV\SWV267-2.spass,0,7,3,7,3,490684,0.0,0.0,0.0,0.0,0,6434159
\SYN\SYN730+1.spass,0,4,2,4,2,1003080,0.0,0.0,0.0,0.0,0,2995423
\SET\SET842-2.spass,0,15,6,15,6,2271832,0.0,0.0,0.0,0.0,0,16712077
\SWV\SWV265-2.spass,0,5,2,5,2,287778,0.0,0.0,0.0,0.0,0,3229910
\SYN\SYN333-1.spass,0,9,6,9,6,1942999,0.0,0.0,0.0,0.0,0,10200150
\MGT\MGT036-2.spass,0,26,15,-1,-1,-1,-1,-1,-1,-1,-1,-1-ERROR
\MGT\MGT007-1.spass,1,49,27,47,23,778416452,0.04081632653061224,2.5693187687148216E-9,0.08163265306122448,5.138637537429643E-9,2,761735956
\SYN\SYN662-1.spass,0,14,7,14,7,1259672,0.0,0.0,0.0,0.0,0,8329392
\SYN\SYN675-1.spass,0,14,7,14,7,1235987,0.0,0.0,0.0,0.0,0,8338077
\SYN\SYN660-1.spass,0,14,7,14,7,803728,0.0,0.0,0.0,0.0,0,7348813
\SWB\SWB019+2.spass,0,7,3,7,3,388047,0.0,0.0,0.0,0.0,0,2715540
\CSR\CSR052+1.spass,0,25,15,25,15,1731013,0.0,0.0,0.0,0.0,0,13441508
\SWV\SWV292-2.spass,1,34,18,36,16,10917031,-0.058823529411764705,-1.8319999274528028E-7,0.058823529411764705,1.8319999274528028E-7,3,26047312
\SWV\SWV290-2.spass,1,21,11,22,10,8240177,-0.047619047619047616,-1.213566164901555E-7,0.047619047619047616,1.213566164901555E-7,1,26426675
\SYN\SYN706-1.spass,0,18,8,18,8,1012554,0.0,0.0,0.0,0.0,0,17826084
\SYN\SYN719-1.spass,0,17,8,17,8,1004264,0.0,0.0,0.0,0.0,0,9460769
\PUZ\PUZ008-1.spass,0,5,2,5,2,457130,0.0,0.0,0.0,0.0,0,2348020
\SWV\SWV349-2.spass,0,3,1,3,1,249882,0.0,0.0,0.0,0.0,0,1624034
\SWV\SWV308-2.spass,0,40,21,-1,-1,-1,-1,-1,-1,-1,-1,-1-ERROR
\SYN\SYN731-1.spass,0,3,1,3,1,214748,0.0,0.0,0.0,0.0,0,1447182
\SWV\SWV331-2.spass,1,12,6,14,5,2870285,-0.16666666666666666,-6.967949175778712E-7,0.08333333333333333,3.483974587889356E-7,2,8147804
\SET\SET852-2.spass,0,13,5,13,5,671089,0.0,0.0,0.0,0.0,0,9510114
\SYN\SYN345-1.spass,0,20,7,-1,-1,-1,-1,-1,-1,-1,-1,-1-ERROR
\SET\SET826-2.spass,0,7,3,7,3,427128,0.0,0.0,0.0,0.0,0,3120167
\SET\SET824-2.spass,0,4,2,4,2,249487,0.0,0.0,0.0,0.0,0,3267411
\SYN\SYN343-1.spass,0,5,1,5,1,133428,0.0,0.0,0.0,0.0,0,1210722
\SWV\SWV247-2.spass,1,38,26,38,23,27093421,0.0,0.0,0.07894736842105263,1.1072798817100284E-7,2,21374562
\PLA\PLA003-1.spass,0,15,7,15,7,807675,0.0,0.0,0.0,0.0,0,7058667
\SYN\SYN687-1.spass,1,14,6,13,5,33123348,0.07142857142857142,3.019018488106939E-8,0.07142857142857142,3.019018488106939E-8,0,13323475
\SYN\SYN685-1.spass,0,14,7,14,7,662799,0.0,0.0,0.0,0.0,0,5917816
\SYN\SYN657-1.spass,1,18,9,18,8,7854893,0.0,0.0,0.05555555555555555,1.2730918167822274E-7,1,6683252
\SWV\SWV330-2.spass,0,3,1,3,1,200143,0.0,0.0,0.0,0.0,0,1310202
\LCL\LCL447-2.spass,0,7,3,7,3,271198,0.0,0.0,0.0,0.0,0,2431709
\SWV\SWV289-2.spass,0,18,8,18,8,1012949,0.0,0.0,0.0,0.0,0,11438111
\SWV\SWV287-2.spass,0,18,8,18,8,1182300,0.0,0.0,0.0,0.0,0,9347473
\SYN\SYN084-2.spass,0,40,22,-1,-1,-1,-1,-1,-1,-1,-1,-1-ERROR
\SWV\SWV246-2.spass,1,19,11,20,10,5364760,-0.05263157894736842,-1.8640162840462574E-7,0.05263157894736842,1.8640162840462574E-7,1,6492978
\COL\COL119-2.spass,0,5,2,5,2,392784,0.0,0.0,0.0,0.0,0,2391049
\SWV\SWV259-2.spass,0,9,4,9,4,393969,0.0,0.0,0.0,0.0,0,3668485
\SWV\SWV244-2.spass,0,13,7,13,7,1013739,0.0,0.0,0.0,0.0,0,4278781
\SYN\SYN684-1.spass,0,14,7,14,7,1022817,0.0,0.0,0.0,0.0,0,6104536
\SYN\SYN682-1.spass,0,14,7,14,7,568846,0.0,0.0,0.0,0.0,0,8028982
\SET\SET589+3.spass,0,11,5,11,5,324491,0.0,0.0,0.0,0.0,0,2727383
\SYN\SYN585-1.spass,0,13,6,13,6,532134,0.0,0.0,0.0,0.0,0,5348575
\SYN\SYN583-1.spass,0,18,9,19,9,6768915,-0.05555555555555555,-1.4773416419027275E-7,0.0,0.0,1,7208279
\SWV\SWV271-2.spass,0,18,9,18,9,1991159,0.0,0.0,0.0,0.0,0,10369501
\GRP\GRP003-1.spass,1,15,10,18,9,195101607,-0.2,-1.5376603228081047E-8,0.06666666666666667,5.12553440936035E-9,3,24141816
\SYN\SYN555-1.spass,0,11,5,11,5,379362,0.0,0.0,0.0,0.0,0,2936604
\COL\COL101-2.spass,0,3,1,3,1,165798,0.0,0.0,0.0,0.0,0,971104
\GRP\GRP031-2.spass,0,12,7,-1,-1,-1,-1,-1,-1,-1,-1,-1-ERROR
\SYN\SYN582-1.spass,0,15,7,15,7,695959,0.0,0.0,0.0,0.0,0,5869655
\MGT\MGT036+2.spass,1,36,23,41,17,12370134,-0.1388888888888889,-4.041993401203253E-7,0.16666666666666666,4.850392081443904E-7,8,13338475
\RNG\RNG039-2.spass,0,36,20,-1,-1,-1,-1,-1,-1,-1,-1,-1-ERROR
\LAT\LAT273-2.spass,1,16,9,15,6,5782414,0.0625,1.7293815351166485E-7,0.1875,5.188144605349945E-7,1,7121828
\SYN\SYN669-1.spass,0,14,7,14,7,539239,0.0,0.0,0.0,0.0,0,5178829
\SYN\SYN667-1.spass,0,14,7,14,7,715302,0.0,0.0,0.0,0.0,0,3780597
\SWV\SWV355-2.spass,0,15,8,15,8,1518239,0.0,0.0,0.0,0.0,0,6762203
\CSR\CSR046+1.spass,0,3,1,3,1,105401,0.0,0.0,0.0,0.0,0,1050451
\SEU\SEU163+1.spass,0,5,2,5,2,180405,0.0,0.0,0.0,0.0,0,1557715
\SWV\SWV312-2.spass,0,5,2,5,2,286989,0.0,0.0,0.0,0.0,0,3675986
\SET\SET833-2.spass,0,7,3,7,3,176457,0.0,0.0,0.0,0.0,0,1900760
\SWV\SWV310-2.spass,0,5,2,5,2,436997,0.0,0.0,0.0,0.0,0,2893181
\SET\SET846-2.spass,0,9,4,9,4,343834,0.0,0.0,0.0,0.0,0,2481448
\SYN\SYN339-1.spass,0,3,1,3,1,97506,0.0,0.0,0.0,0.0,0,703459
\LCL\LCL429-2.spass,0,17,9,17,9,2027477,0.0,0.0,0.0,0.0,0,9694070
\SWV\SWV011-1.spass,0,5,2,5,2,136586,0.0,0.0,0.0,0.0,0,1165325
\LAT\LAT272-2.spass,0,7,3,7,3,221064,0.0,0.0,0.0,0.0,0,1638640
\LAT\LAT270-2.spass,0,9,4,9,4,335544,0.0,0.0,0.0,0.0,0,2488554
\SYN\SYN666-1.spass,0,14,7,14,7,581478,0.0,0.0,0.0,0.0,0,4217594
\SYN\SYN679-1.spass,0,14,7,14,7,569635,0.0,0.0,0.0,0.0,0,3714672
\SYN\SYN664-1.spass,0,14,7,14,7,876758,0.0,0.0,0.0,0.0,0,5889789
\CSR\CSR058+1.spass,0,5,2,5,2,170930,0.0,0.0,0.0,0.0,0,1794964
\SYN\SYN636-1.spass,1,23,14,23,13,17755817,0.0,0.0,0.043478260869565216,5.631957121432374E-8,1,13041618
\SYN\SYN621-1.spass,0,12,5,12,5,982947,0.0,0.0,0.0,0.0,0,6999453
\SET\SET830-2.spass,0,23,11,23,11,1298359,0.0,0.0,0.0,0.0,0,13642044
\SYN\SYN336-1.spass,0,3,1,3,1,94347,0.0,0.0,0.0,0.0,0,770173
\SYN\SYN066-1.spass,0,8,4,8,4,752409,0.0,0.0,0.0,0.0,0,1879048
\MGT\MGT036-1.spass,0,26,15,-1,-1,-1,-1,-1,-1,-1,-1,-1-ERROR
\MGT\MGT006-1.spass,0,45,26,-1,-1,-1,-1,-1,-1,-1,-1,-1-ERROR
\LCL\LCL440-2.spass,0,3,1,3,1,270015,0.0,0.0,0.0,0.0,0,1206775
\SWV\SWV293-2.spass,1,20,11,22,10,3462421,-0.1,-5.776305076707887E-7,0.05,2.8881525383539434E-7,2,11670624
\SYN\SYN562-1.spass,1,12,6,13,5,9986192,-0.08333333333333333,-1.0013827092449254E-7,0.08333333333333333,1.0013827092449254E-7,1,3680329
\COL\COL110-2.spass,0,18,8,18,8,2083927,0.0,0.0,0.0,0.0,0,13879294
\COL\COL123-2.spass,0,19,8,19,8,1628771,0.0,0.0,0.0,0.0,0,14502616
\COM\COM001-1.spass,0,13,6,13,6,1103348,0.0,0.0,0.0,0.0,0,5659644
\SEU\SEU158+3.spass,0,9,3,9,3,159087,0.0,0.0,0.0,0.0,0,1563637
\SWV\SWV309-2.spass,0,5,2,5,2,238434,0.0,0.0,0.0,0.0,0,2276964
\ANA\ANA041-2.spass,0,3,1,3,1,103427,0.0,0.0,0.0,0.0,0,873599
\SYN\SYN561-1.spass,0,20,12,25,12,17683971,-0.25,-2.827419248764884E-7,0.0,0.0,4,4845259
\SET\SET828-2.spass,0,7,3,7,3,282252,0.0,0.0,0.0,0.0,0,1864837
\MSC\MSC005-1.spass,0,14,6,14,6,872415,0.0,0.0,0.0,0.0,0,5412132
\MSC\MSC003-1.spass,1,15,7,16,6,2520134,-0.06666666666666667,-3.9680429691437045E-7,0.06666666666666667,3.9680429691437045E-7,2,6133354
\SYN\SYN006-1.spass,0,13,6,13,6,634771,0.0,0.0,0.0,0.0,0,5237649
\SYN\SYN648-1.spass,0,15,7,15,7,2674485,0.0,0.0,0.0,0.0,0,13662966
\SWV\SWV336-2.spass,0,3,1,3,1,160666,0.0,0.0,0.0,0.0,0,2167221
\SWV\SWV334-2.spass,0,3,1,3,1,112506,0.0,0.0,0.0,0.0,0,889390
\SYN\SYN618-1.spass,0,23,12,24,12,4495503,-0.043478260869565216,-2.224445184443209E-7,0.0,0.0,1,8724545
\SET\SET827-2.spass,0,7,3,7,3,190273,0.0,0.0,0.0,0.0,0,1905101
\SET\SET009+3.spass,0,25,13,25,13,1567584,0.0,0.0,0.0,0.0,0,15971117
\LCL\LCL437-2.spass,0,5,2,5,2,212380,0.0,0.0,0.0,0.0,0,2068137
\SWV\SWV333-2.spass,0,3,1,3,1,124744,0.0,0.0,0.0,0.0,0,1130192
\SET\SET055-6.spass,0,9,3,9,3,197379,0.0,0.0,0.0,0.0,0,2149851
\SYN\SYN589-1.spass,0,7,3,7,3,387652,0.0,0.0,0.0,0.0,0,3080296
\LCL\LCL435-2.spass,0,5,2,5,2,179615,0.0,0.0,0.0,0.0,0,2903050
\SYN\SYN559-1.spass,0,20,12,25,12,13786921,-0.25,-3.626625553305194E-7,0.0,0.0,4,5380550
\TOP\TOP002-2.spass,0,5,2,5,2,118032,0.0,0.0,0.0,0.0,0,980184
\SYN\SYN073-1.spass,0,4,2,4,2,652929,0.0,0.0,0.0,0.0,0,881890
\SWV\SWV273-2.spass,0,11,5,11,5,326465,0.0,0.0,0.0,0.0,0,2726593
\SWV\SWV288-2.spass,0,17,8,17,8,826228,0.0,0.0,0.0,0.0,0,6082825
\COL\COL105-2.spass,0,5,2,5,2,172115,0.0,0.0,0.0,0.0,0,1485079
\SWV\SWV245-2.spass,1,19,11,20,10,6363892,-0.05263157894736842,-1.5713654474337403E-7,0.05263157894736842,1.5713654474337403E-7,1,5468977
\MGT\MGT017-1.spass,1,42,23,38,18,494929335,0.09523809523809523,8.081961842088022E-9,0.11904761904761904,1.0102452302610028E-8,2,49717392
\MGT\MGT015-1.spass,1,42,23,38,18,496301118,0.09523809523809523,8.059623190290698E-9,0.11904761904761904,1.0074528987863372E-8,2,50770606
\SYN\SYN670-1.spass,0,14,7,14,7,566083,0.0,0.0,0.0,0.0,0,5702673
\SWB\SWB012+2.spass,1,41,22,41,20,220518885,0.0,0.0,0.04878048780487805,9.069518014296146E-9,1,180846109
\SYN\SYN586-1.spass,0,14,7,14,7,637928,0.0,0.0,0.0,0.0,0,3840205
\LCL\LCL432-2.spass,0,5,2,5,2,175273,0.0,0.0,0.0,0.0,0,1103743
\TOP\TOP001-2.spass,0,33,16,33,16,2930683,0.0,0.0,0.0,0.0,0,11752733
\SWV\SWV272-2.spass,0,18,9,18,9,851493,0.0,0.0,0.0,0.0,0,4960922
\GRP\GRP004-1.spass,1,12,7,13,6,3791650,-0.08333333333333333,-2.6373742302163965E-7,0.08333333333333333,2.6373742302163965E-7,1,5863734
\COL\COL104-2.spass,0,11,5,11,5,464235,0.0,0.0,0.0,0.0,0,4458001
\SWV\SWV011+1.spass,0,5,2,5,2,107769,0.0,0.0,0.0,0.0,0,916628
\SEU\SEU167+3.spass,0,11,5,11,5,248303,0.0,0.0,0.0,0.0,0,2241040
\SEU\SEU167+1.spass,0,11,5,11,5,243960,0.0,0.0,0.0,0.0,0,2559215
\SWV\SWV357-2.spass,0,9,4,9,4,280278,0.0,0.0,0.0,0.0,0,3655063
\SWV\SWV329-2.spass,1,20,10,22,9,2755015,-0.1,-7.259488605325198E-7,0.05,3.629744302662599E-7,2,6292836
\SWV\SWV314-2.spass,0,13,6,13,6,510027,0.0,0.0,0.0,0.0,0,5105799
\SYN\SYN581-1.spass,0,18,9,19,9,3817309,-0.05555555555555555,-2.6196464577533543E-7,0.0,0.0,1,4351811
\GEO\GEO002-4.spass,0,23,14,23,14,18592309,0.0,0.0,0.0,0.0,0,11384818
\MGT\MGT036+1.spass,1,34,21,39,14,7789364,-0.14705882352941177,-6.41900930550941E-7,0.20588235294117646,8.986613027713174E-7,8,10590565
\SWV\SWV358-2.spass,0,15,8,15,8,870836,0.0,0.0,0.0,0.0,0,3883234
\SWV\SWV356-2.spass,0,7,3,7,3,240408,0.0,0.0,0.0,0.0,0,1562847
\SWV\SWV315-2.spass,0,24,10,24,10,758725,0.0,0.0,0.0,0.0,0,7834365
\SWV\SWV300-2.spass,1,29,15,31,14,3748227,-0.06896551724137931,-5.335856126109758E-7,0.034482758620689655,2.667928063054879E-7,2,8579273
\SWV\SWV328-2.spass,1,16,8,17,7,7023138,-0.0625,-1.4238649447013572E-7,0.0625,1.4238649447013572E-7,1,5063165
\SWV\SWV313-2.spass,0,15,7,15,7,567267,0.0,0.0,0.0,0.0,0,8458873
\SET\SET819-2.spass,0,3,1,3,1,82110,0.0,0.0,0.0,0.0,0,651350
\SYN\SYN710-1.spass,0,16,7,16,7,1865232,0.0,0.0,0.0,0.0,0,5600036
\SET\SET915+1.spass,0,5,2,5,2,187115,0.0,0.0,0.0,0.0,0,1573505
\CSR\CSR072+1.spass,0,3,1,3,1,119612,0.0,0.0,0.0,0.0,0,1082031
\LCL\LCL442-2.spass,0,32,16,32,16,4542085,0.0,0.0,0.0,0.0,0,18317558
\SYN\SYN622-1.spass,0,14,7,14,7,3330573,0.0,0.0,0.0,0.0,0,7188147
\SWV\SWV299-2.spass,0,23,15,23,15,2666195,0.0,0.0,0.0,0.0,0,14385374
\SYN\SYN352-1.spass,0,17,8,17,8,9124435,0.0,0.0,0.0,0.0,0,7288021
\ANA\ANA003-4.spass,0,29,12,29,12,2579349,0.0,0.0,0.0,0.0,0,16102570
\SYN\SYN568-1.spass,0,13,6,13,6,629638,0.0,0.0,0.0,0.0,0,5603983
\SWV\SWV269-2.spass,0,5,2,5,2,228565,0.0,0.0,0.0,0.0,0,2182616
\COL\COL114-2.spass,0,5,2,5,2,249093,0.0,0.0,0.0,0.0,0,2401313
\SYN\SYN065-1.spass,0,7,3,7,3,191853,0.0,0.0,0.0,0.0,0,1977737
\MGT\MGT009-1.spass,0,37,19,37,19,386194052,0.0,0.0,0.0,0.0,0,36849864
\GRP\GRP028-3.spass,0,8,4,-1,-1,-1,-1,-1,-1,-1,-1,-1-ERROR
\LCL\LCL441-2.spass,0,7,4,7,4,804911,0.0,0.0,0.0,0.0,0,4081007
\COL\COL113-2.spass,0,3,1,3,1,138955,0.0,0.0,0.0,0.0,0,1282568
\SWV\SWV266-2.spass,0,5,2,5,2,188694,0.0,0.0,0.0,0.0,0,1716802
\COL\COL111-2.spass,0,5,2,5,2,252251,0.0,0.0,0.0,0.0,0,1597190
\SET\SET786-1.spass,1,11,5,10,4,3070822,0.09090909090909091,3.256457065893106E-7,0.09090909090909091,3.256457065893106E-7,0,3450579
\COM\COM002-1.spass,0,19,10,19,10,511211,0.0,0.0,0.0,0.0,0,6306258
\ANA\ANA042-2.spass,0,3,1,3,1,129085,0.0,0.0,0.0,0.0,0,951761
\MSC\MSC004-1.spass,1,20,10,21,9,4185224,-0.05,-2.389358371260415E-7,0.05,2.389358371260415E-7,2,5761887
\SWV\SWV009-1.spass,1,21,13,19,10,3885997,0.09523809523809523,5.146684364398634E-7,0.14285714285714285,7.720026546597951E-7,0,7128934
\SYN\SYN370+1.spass,0,4,2,4,2,932813,0.0,0.0,0.0,0.0,0,2052741
\SWV\SWV337-2.spass,1,23,13,23,12,4050611,0.0,0.0,0.043478260869565216,2.4687633544667705E-7,0,13065698
\SEU\SEU158+1.spass,0,9,3,9,3,146455,0.0,0.0,0.0,0.0,0,1511134
\SWV\SWV335-2.spass,1,18,9,19,8,4977108,-0.05555555555555555,-2.0091989163184725E-7,0.05555555555555555,2.0091989163184725E-7,1,6506796
\SYN\SYN619-1.spass,1,24,12,24,11,2698960,0.0,0.0,0.041666666666666664,3.7051308652221595E-7,1,5851891
\SWV\SWV279-2.spass,0,19,11,19,11,1493370,0.0,0.0,0.0,0.0,0,6655224
\COL\COL109-2.spass,0,14,7,14,7,1849836,0.0,0.0,0.0,0.0,0,6967082
\SYN\SYN034-1.spass,1,11,5,10,4,3373206,0.09090909090909091,2.964538780021143E-7,0.09090909090909091,2.964538780021143E-7,0,3590324
\SYN\SYN676-1.spass,0,14,7,14,7,560557,0.0,0.0,0.0,0.0,0,4750517
\SYN\SYN661-1.spass,0,14,7,14,7,776884,0.0,0.0,0.0,0.0,0,4689724
\SYN\SYN674-1.spass,0,14,7,14,7,769778,0.0,0.0,0.0,0.0,0,5458318
\PUZ\PUZ035-7.spass,1,28,19,29,16,78381556,-0.03571428571428571,-1.2758103449745243E-8,0.10714285714285714,3.827431034923573E-8,2,17004987
\SET\SET055-7.spass,0,6,2,6,2,146455,0.0,0.0,0.0,0.0,0,1698643
\LCL\LCL438-2.spass,0,10,5,10,5,1102953,0.0,0.0,0.0,0.0,0,7221701
\SYN\SYN346-1.spass,1,4,2,4,1,738592,0.0,0.0,0.25,1.3539274728131364E-6,0,1585347
\SWV\SWV263-2.spass,0,9,4,9,4,262908,0.0,0.0,0.0,0.0,0,4435105
\PUZ\PUZ047+1.spass,0,16,8,16,8,1376916,0.0,0.0,0.0,0.0,0,5729122
\SYN\SYN031-1.spass,1,8,4,8,3,2851337,0.0,0.0,0.125,3.5071266567227933E-7,0,2959895
\MGT\MGT018-1.spass,1,40,21,38,17,300920812,0.05,6.646266792607219E-9,0.1,1.3292533585214438E-8,2,160006442
\MGT\MGT016-1.spass,1,40,21,38,17,289299534,0.05,6.913249988159331E-9,0.1,1.3826499976318663E-8,2,117290081
\SYN\SYN671-1.spass,0,14,7,14,7,488711,0.0,0.0,0.0,0.0,0,3659011
\SYN\SYN630-1.spass,0,11,5,11,5,450813,0.0,0.0,0.0,0.0,0,3745464
\CSR\CSR050+1.spass,0,26,14,26,14,626481,0.0,0.0,0.0,0.0,0,5577929
\PUZ\PUZ035-6.spass,0,9,6,9,6,382520,0.0,0.0,0.0,0.0,0,2314861
\SYN\SYN587-1.spass,0,16,8,16,8,566872,0.0,0.0,0.0,0.0,0,4127983
\COL\COL120-2.spass,0,5,2,5,2,165798,0.0,0.0,0.0,0.0,0,1292832
\SYN\SYN570-1.spass,0,22,11,22,11,1898786,0.0,0.0,0.0,0.0,0,5551481
\SYN\SYN717-1.spass,1,16,8,17,7,5541217,-0.0625,-1.804657713278509E-7,0.0625,1.804657713278509E-7,1,4768676
\PUZ\PUZ047-1.spass,0,16,8,16,8,603190,0.0,0.0,0.0,0.0,0,3469528
\SET\SET590+3.spass,0,8,3,8,3,223827,0.0,0.0,0.0,0.0,0,2088269
\SYN\SYN082+1.spass,1,9,4,10,3,831755,-0.1111111111111111,-1.2022771128517413E-6,0.1111111111111111,1.2022771128517413E-6,1,1573111
\SYN\SYN571-1.spass,0,16,8,17,8,6160592,-0.0625,-1.6232206255502718E-7,0.0,0.0,1,4255491
\GRP\GRP001+6.spass,1,26,16,28,14,20824665,-0.07692307692307693,-9.60399603066844E-8,0.07692307692307693,9.60399603066844E-8,2,31124689
\SYN\SYN727-1.spass,0,5,2,5,2,203695,0.0,0.0,0.0,0.0,0,1687196
\SYN\SYN656-1.spass,1,19,10,21,9,3950738,-0.10526315789473684,-5.062345313711008E-7,0.05263157894736842,2.531172656855504E-7,2,6932739
\CSR\CSR035+1.spass,0,5,2,5,2,118032,0.0,0.0,0.0,0.0,0,1009396
\SYN\SYN613-1.spass,0,20,11,20,11,630823,0.0,0.0,0.0,0.0,0,4276018
\SYN\SYN626-1.spass,1,16,8,18,7,1682853,-0.125,-1.1884579342343033E-6,0.0625,5.942289671171517E-7,2,4071928
\TOP\TOP022+1.spass,0,13,6,13,6,298437,0.0,0.0,0.0,0.0,0,3071217
\SET\SET835-2.spass,0,7,3,7,3,182773,0.0,0.0,0.0,0.0,0,1531266
\SWV\SWV258-2.spass,0,11,5,11,5,512791,0.0,0.0,0.0,0.0,0,2813440
\SYN\SYN014-2.spass,0,10,5,10,5,255409,0.0,0.0,0.0,0.0,0,2006160
\SET\SET631+3.spass,1,12,6,13,5,2505529,-0.08333333333333333,-3.991173121524437E-7,0.08333333333333333,3.991173121524437E-7,1,3509003
\SYN\SYN655-1.spass,0,17,9,17,9,3051873,0.0,0.0,0.0,0.0,0,17314478
\SYN\SYN668-1.spass,0,14,7,14,7,481210,0.0,0.0,0.0,0.0,0,3361364
\SYN\SYN653-1.spass,0,18,9,18,9,5459502,0.0,0.0,0.0,0.0,0,10223836
\SWV\SWV341-2.spass,0,7,3,7,3,172509,0.0,0.0,0.0,0.0,0,1601533
\SYN\SYN340-1.spass,0,3,1,3,1,98690,0.0,0.0,0.0,0.0,0,676220
\TOP\TOP021+1.spass,0,9,4,9,4,259356,0.0,0.0,0.0,0.0,0,2421445
\SET\SET834-2.spass,0,23,11,23,11,1236777,0.0,0.0,0.0,0.0,0,7646461
\SYN\SYN312-1.spass,0,21,13,21,13,2440788,0.0,0.0,0.0,0.0,0,5091588
\COL\COL117-2.spass,0,14,7,14,7,1920892,0.0,0.0,0.0,0.0,0,6933528
\SWV\SWV257-2.spass,0,5,2,5,2,151587,0.0,0.0,0.0,0.0,0,1704170
\SYN\SYN310-1.spass,0,19,13,19,13,2673696,0.0,0.0,0.0,0.0,0,3460843
\SWV\SWV255-2.spass,0,12,6,12,6,492658,0.0,0.0,0.0,0.0,0,3380312
\SET\SET832-2.spass,0,7,3,7,3,229749,0.0,0.0,0.0,0.0,0,1304280
\SYN\SYN325-1.spass,0,6,3,6,3,403837,0.0,0.0,0.0,0.0,0,1839967
\SWB\SWB024+2.spass,0,24,12,24,12,697143,0.0,0.0,0.0,0.0,0,6427054
\SYN\SYN680-1.spass,0,14,7,14,7,481605,0.0,0.0,0.0,0.0,0,3897839
\SYN\SYN596-1.spass,0,13,6,13,6,495026,0.0,0.0,0.0,0.0,0,3270175
\SYN\SYN594-1.spass,0,23,12,23,12,12620411,0.0,0.0,0.0,0.0,0,11678913
\SYN\SYN079+1.spass,0,7,3,7,3,222644,0.0,0.0,0.0,0.0,0,1920892
\SYN\SYN566-1.spass,0,32,18,32,18,3831520,0.0,0.0,0.0,0.0,0,7939766
\GRP\GRP012+5.spass,0,21,13,-1,-1,-1,-1,-1,-1,-1,-1,-1-ERROR
\SWV\SWV280-2.spass,0,5,2,5,2,216328,0.0,0.0,0.0,0.0,0,2018791
\SET\SET046-5.spass,1,11,5,10,4,2816992,0.09090909090909091,3.549885835671525E-7,0.09090909090909091,3.549885835671525E-7,0,5508452
\COL\COL112-2.spass,0,5,2,5,2,302385,0.0,0.0,0.0,0.0,0,2455394
\COM\COM002-2.spass,0,21,12,21,12,3152932,0.0,0.0,0.0,0.0,0,8210965
\SET\SET899+1.spass,0,7,3,7,3,415286,0.0,0.0,0.0,0.0,0,2558821
\SYN\SYN593-1.spass,0,13,6,13,6,1001106,0.0,0.0,0.0,0.0,0,8595064
\LAT\LAT271-2.spass,0,7,3,7,3,305938,0.0,0.0,0.0,0.0,0,2947263
\SWV\SWV364-2.spass,0,9,4,9,4,274357,0.0,0.0,0.0,0.0,0,4877629
\SWV\SWV323-2.spass,0,37,17,37,17,3668880,0.0,0.0,0.0,0.0,0,22105260
\SET\SET859-2.spass,0,7,3,7,3,346992,0.0,0.0,0.0,0.0,0,2831993
\SWV\SWV321-2.spass,0,24,10,24,10,1313360,0.0,0.0,0.0,0.0,0,13512959
\SET\SET829-2.spass,0,7,3,7,3,181194,0.0,0.0,0.0,0.0,0,2243409
\SWV\SWV239-2.spass,0,12,5,12,5,487131,0.0,0.0,0.0,0.0,0,4438264
\SYN\SYN035-1.spass,0,9,6,9,6,806885,0.0,0.0,0.0,0.0,0,6760624
\SYN\SYN048-1.spass,0,3,1,3,1,144086,0.0,0.0,0.0,0.0,0,2064979
\SYN\SYN677-1.spass,0,14,7,14,7,847150,0.0,0.0,0.0,0.0,0,6262440
\CSR\CSR054+1.spass,0,5,2,5,2,179220,0.0,0.0,0.0,0.0,0,1810754
\SYN\SYN632-1.spass,1,24,13,26,11,27660294,-0.08333333333333333,-7.230581135543968E-8,0.08333333333333333,7.230581135543968E-8,2,15822687
\LCL\LCL439-2.spass,0,13,6,13,6,497789,0.0,0.0,0.0,0.0,0,4246016
\SWV\SWV320-2.spass,0,7,3,7,3,227381,0.0,0.0,0.0,0.0,0,1699828
\SYN\SYN604-1.spass,1,26,15,31,14,8445057,-0.19230769230769232,-5.920623152691569E-7,0.038461538461538464,1.1841246305383137E-7,5,10663201
\COL\COL124-2.spass,0,6,2,6,2,243960,0.0,0.0,0.0,0.0,0,2691855
\SWV\SWV264-2.spass,0,5,2,5,2,103822,0.0,0.0,0.0,0.0,0,982948
\COL\COL122-2.spass,0,5,2,5,2,146061,0.0,0.0,0.0,0.0,0,1196511
\TOP\TOP004-2.spass,0,3,1,3,1,65530,0.0,0.0,0.0,0.0,0,555424
\SWV\SWV277-2.spass,0,9,4,9,4,230933,0.0,0.0,0.0,0.0,0,2501975
\PUZ\PUZ008-3.spass,0,49,31,49,31,29267748,0.0,0.0,0.0,0.0,0,84278450
\MGT\MGT004-1.spass,0,47,29,-1,-1,-1,-1,-1,-1,-1,-1,-1-ERROR
\SWB\SWB003+2.spass,0,3,1,3,1,91584,0.0,0.0,0.0,0.0,0,765041
\MGT\MGT002-1.spass,1,31,17,30,13,81816739,0.03225806451612903,1.2222437758121843E-8,0.12903225806451613,4.888975103248737E-8,3,60577578
\SWV\SWV291-2.spass,0,23,11,23,11,1408496,0.0,0.0,0.0,0.0,0,8422950
\PUZ\PUZ035-5.spass,0,9,6,9,6,374625,0.0,0.0,0.0,0.0,0,2222092
\SYN\SYN588-1.spass,0,7,3,7,3,369494,0.0,0.0,0.0,0.0,0,2790939
\SWB\SWB030+2.spass,1,22,12,25,10,5942291,-0.13636363636363635,-5.048557871029877E-7,0.09090909090909091,3.3657052473532513E-7,3,4789598
\MGT\MGT003-1.spass,1,31,17,30,13,86336322,0.03225806451612903,1.1582610618969847E-8,0.12903225806451613,4.633044247587939E-8,3,70846416
\COM\COM011-2.spass,0,27,15,-1,-1,-1,-1,-1,-1,-1,-1,-1-ERROR
\SWV\SWV305-2.spass,1,30,16,29,15,5557797,0.03333333333333333,1.7992740648857812E-7,0.03333333333333333,1.7992740648857812E-7,0,13230707
\SET\SET836-2.spass,0,7,3,7,3,150008,0.0,0.0,0.0,0.0,0,1385995
\SYN\SYN654-1.spass,0,17,9,17,9,2860416,0.0,0.0,0.0,0.0,0,16664312
\LCL\LCL433-2.spass,0,15,7,15,7,512396,0.0,0.0,0.0,0.0,0,5209225
\SET\SET850-2.spass,0,7,3,7,3,196590,0.0,0.0,0.0,0.0,0,1592849
\CAT\CAT007-3.spass,0,7,3,7,3,136586,0.0,0.0,0.0,0.0,0,1100585
\SYN\SYN557-1.spass,0,16,9,16,9,1753120,0.0,0.0,0.0,0.0,0,3953895
\SYN\SYN341-1.spass,0,3,1,3,1,96716,0.0,0.0,0.0,0.0,0,642271
\SWV\SWV286-2.spass,0,16,7,16,7,964394,0.0,0.0,0.0,0.0,0,7412765
\SYN\SYN354-1.spass,0,14,7,-1,-1,-1,-1,-1,-1,-1,-1,-1-ERROR
\COL\COL118-2.spass,0,9,4,9,4,590558,0.0,0.0,0.0,0.0,0,4334837
\SWV\SWV284-2.spass,0,12,6,12,6,490684,0.0,0.0,0.0,0.0,0,3875338
\COL\COL103-2.spass,0,3,1,3,1,108164,0.0,0.0,0.0,0.0,0,827413
\SYN\SYN311-1.spass,0,19,13,19,13,1392312,0.0,0.0,0.0,0.0,0,3918367
\SWV\SWV256-2.spass,0,5,2,5,2,130665,0.0,0.0,0.0,0.0,0,1052425
\SYN\SYN082-1.spass,0,15,5,15,5,754777,0.0,0.0,0.0,0.0,0,3067269
\COL\COL116-2.spass,0,3,1,3,1,224222,0.0,0.0,0.0,0.0,0,903996
\SYN\SYN683-1.spass,0,14,7,14,7,515554,0.0,0.0,0.0,0.0,0,5024479
\SYN\SYN681-1.spass,0,14,7,14,7,490290,0.0,0.0,0.0,0.0,0,3298202
\SET\SET588+3.spass,0,22,11,22,11,3576902,0.0,0.0,0.0,0.0,0,11222574
\LCL\LCL445-2.spass,0,13,7,13,7,979394,0.0,0.0,0.0,0.0,0,5121194
\LCL\LCL430-2.spass,0,17,9,17,9,1852204,0.0,0.0,0.0,0.0,0,10127120
\LCL\LCL443-2.spass,0,17,9,17,9,1435735,0.0,0.0,0.0,0.0,0,6368630
\ANA\ANA004-4.spass,0,31,13,31,13,1613375,0.0,0.0,0.0,0.0,0,11054801
\SYN\SYN569-1.spass,1,31,20,33,18,77303077,-0.06451612903225806,-2.587219134886442E-8,0.06451612903225806,2.587219134886442E-8,3,52658734
\SYN\SYN554-1.spass,1,21,13,22,11,14880400,-0.047619047619047616,-6.720249455659794E-8,0.09523809523809523,1.3440498911319587E-7,2,5816758
\SWV\SWV283-2.spass,0,14,6,14,6,909523,0.0,0.0,0.0,0.0,0,9311550
\COL\COL102-2.spass,0,11,5,11,5,808859,0.0,0.0,0.0,0.0,0,7032612
\SWV\SWV242-2.spass,0,15,8,15,8,1098612,0.0,0.0,0.0,0.0,0,8562300
\COL\COL115-2.spass,0,5,2,5,2,396732,0.0,0.0,0.0,0.0,0,3692961
\SWV\SWV270-2.spass,0,18,9,18,9,1591269,0.0,0.0,0.0,0.0,0,7293547
\SWV\SWV240-2.spass,0,12,5,12,5,1043740,0.0,0.0,0.0,0.0,0,5627275
\SEU\SEU264+1.spass,1,12,6,14,5,1701406,-0.16666666666666666,-1.1754983819264772E-6,0.08333333333333333,5.877491909632386E-7,2,3538610
\SEU\SEU163+3.spass,0,5,2,5,2,162640,0.0,0.0,0.0,0.0,0,1349282
\SET\SET818-2.spass,0,3,1,3,1,101059,0.0,0.0,0.0,0.0,0,699116
\RNG\RNG038-2.spass,1,12,6,13,5,1277437,-0.08333333333333333,-7.828174696677801E-7,0.08333333333333333,7.828174696677801E-7,1,4311151
\SYN\SYN338-1.spass,0,3,1,3,1,97110,0.0,0.0,0.0,0.0,0,683326
