proof,compressed?,length,resOnlyLength,compressedLengthAll,compressedLengthResOnly,compressTime,compressRatio,compressSpeed,compressRatioRes,compressSpeedRes,numFOSub,totalTime
\SYN\SYN079-1.spass,0,7,3,7,3,18809024,0.0,0.0,0.0,0.0,0,197935495
\SYN\SYN064-1.spass,0,3,1,3,1,445287,0.0,0.0,0.0,0.0,0,10520689
\KRS\KRS017-1.spass,0,9,4,9,4,2936998,0.0,0.0,0.0,0.0,0,47345669
\SYN\SYN665-1.spass,0,14,7,14,7,13881263,0.0,0.0,0.0,0.0,0,37602652
\GRP\GRP028-4.spass,0,8,4,8,4,3174642,0.0,0.0,0.0,0.0,0,203314070
\CSR\CSR070+1.spass,0,17,8,17,8,2534345,0.0,0.0,0.0,0.0,0,17736072
\SYN\SYN678-1.spass,0,14,7,14,7,4189565,0.0,0.0,0.0,0.0,0,19705124
\SYN\SYN663-1.spass,0,14,7,14,7,3209381,0.0,0.0,0.0,0.0,0,20313445
\MGT\MGT008-1.spass,0,37,20,37,20,272026793,-0.02702702702702703,-3.676108478035103E-9,0.0,0.0,0,404252094
\SET\SET913+1.spass,0,5,2,5,2,867283,0.0,0.0,0.0,0.0,0,4227856
\SYN\SYN620-1.spass,0,15,7,15,7,1858520,0.0,0.0,0.0,0.0,0,19799866
\SWV\SWV267-2.spass,0,7,3,7,3,699511,0.0,0.0,0.0,0.0,0,6988791
\SYN\SYN730+1.spass,0,4,2,4,2,267251,0.0,0.0,0.0,0.0,0,3169510
\SET\SET842-2.spass,0,15,6,15,6,1280989,0.0,0.0,0.0,0.0,0,14853156
\SWV\SWV265-2.spass,0,5,2,5,2,229750,0.0,0.0,0.0,0.0,0,2460525
\SYN\SYN333-1.spass,0,9,6,9,6,1424287,0.0,0.0,0.0,0.0,0,9729200
\MGT\MGT036-2.spass,0,26,15,26,15,3039240,0.0,0.0,0.0,0.0,0,27865556
\MGT\MGT007-1.spass,0,49,27,49,27,79914764,0.0,0.0,0.0,0.0,0,1583653318
\SYN\SYN662-1.spass,0,14,7,14,7,2386311,0.0,0.0,0.0,0.0,0,11875893
\SYN\SYN675-1.spass,0,14,7,14,7,2631850,0.0,0.0,0.0,0.0,0,11834838
\SYN\SYN660-1.spass,0,14,7,14,7,2387495,0.0,0.0,0.0,0.0,0,9836180
\SWB\SWB019+2.spass,0,7,3,7,3,560556,0.0,0.0,0.0,0.0,0,5262516
\CSR\CSR052+1.spass,0,25,15,25,15,3679932,0.0,0.0,0.0,0.0,0,11174804
\SWV\SWV292-2.spass,0,34,18,34,18,6050058,0.0,0.0,0.0,0.0,0,29936061
\SWV\SWV290-2.spass,0,21,11,21,11,5381338,0.0,0.0,0.0,0.0,0,36489040
\SYN\SYN706-1.spass,0,18,8,18,8,2876995,0.0,0.0,0.0,0.0,0,19930136
\SYN\SYN719-1.spass,0,17,8,17,8,2855283,0.0,0.0,0.0,0.0,0,19273654
\PUZ\PUZ008-1.spass,0,5,2,5,2,416075,0.0,0.0,0.0,0.0,0,6309809
\SWV\SWV349-2.spass,0,3,1,3,1,106190,0.0,0.0,0.0,0.0,0,2580531
\SWV\SWV308-2.spass,0,40,21,40,21,12995821,0.0,0.0,0.0,0.0,0,91958034
\SYN\SYN731-1.spass,0,3,1,3,1,124349,0.0,0.0,0.0,0.0,0,1088742
\SWV\SWV331-2.spass,0,12,6,12,6,852282,0.0,0.0,0.0,0.0,0,7491713
\SET\SET852-2.spass,0,13,5,13,5,1502843,0.0,0.0,0.0,0.0,0,17769232
\SYN\SYN345-1.spass,0,20,7,20,7,2421444,0.0,0.0,0.0,0.0,0,18991007
\SET\SET826-2.spass,0,7,3,7,3,303173,0.0,0.0,0.0,0.0,0,4900523
\SET\SET824-2.spass,0,4,2,4,2,281068,0.0,0.0,0.0,0.0,0,3456499
\SYN\SYN343-1.spass,0,5,1,5,1,157114,0.0,0.0,0.0,0.0,0,4214829
\SWV\SWV247-2.spass,0,38,26,38,26,15840840,0.0,0.0,0.0,0.0,0,51129027
\PLA\PLA003-1.spass,0,15,7,15,7,1493763,0.0,0.0,0.0,0.0,0,30163047
\SYN\SYN687-1.spass,0,14,6,14,6,4796307,0.0,0.0,0.0,0.0,0,44003649
\SYN\SYN685-1.spass,0,14,7,14,7,2307754,0.0,0.0,0.0,0.0,0,11907473
\SYN\SYN657-1.spass,0,18,9,18,9,3206222,0.0,0.0,0.0,0.0,0,26168098
\SWV\SWV330-2.spass,0,3,1,3,1,647403,0.0,0.0,0.0,0.0,0,1680878
\LCL\LCL447-2.spass,0,7,3,7,3,560951,0.0,0.0,0.0,0.0,0,11167698
\SWV\SWV289-2.spass,0,18,8,18,8,4870917,0.0,0.0,0.0,0.0,0,26391531
\SWV\SWV287-2.spass,0,18,8,18,8,3925077,0.0,0.0,0.0,0.0,0,22434084
\SYN\SYN084-2.spass,0,40,22,40,22,5043425,0.0,0.0,0.0,0.0,0,20192255
\SWV\SWV246-2.spass,0,19,11,19,11,6917341,0.0,0.0,0.0,0.0,0,12349602
\COL\COL119-2.spass,0,5,2,5,2,345807,0.0,0.0,0.0,0.0,0,2970158
\SWV\SWV259-2.spass,0,9,4,9,4,1565215,0.0,0.0,0.0,0.0,0,5772148
\SWV\SWV244-2.spass,0,13,7,13,7,1698248,0.0,0.0,0.0,0.0,0,5704644
\SYN\SYN684-1.spass,0,14,7,14,7,3674406,0.0,0.0,0.0,0.0,0,7042479
\SYN\SYN682-1.spass,0,14,7,14,7,2381574,0.0,0.0,0.0,0.0,0,7714356
\SET\SET589+3.spass,0,11,5,11,5,937155,0.0,0.0,0.0,0.0,0,7968580
\SYN\SYN585-1.spass,0,13,6,13,6,1034266,0.0,0.0,0.0,0.0,0,18997718
\SYN\SYN583-1.spass,0,18,9,18,9,3944025,0.0,0.0,0.0,0.0,0,11567982
\SWV\SWV271-2.spass,0,18,9,18,9,1836413,0.0,0.0,0.0,0.0,0,10600431
\GRP\GRP003-1.spass,0,15,10,15,10,9649459,0.0,0.0,0.0,0.0,0,54800274
\SYN\SYN555-1.spass,0,11,5,11,5,1243487,0.0,0.0,0.0,0.0,0,11460607
\COL\COL101-2.spass,0,3,1,3,1,129481,0.0,0.0,0.0,0.0,0,3048714
\GRP\GRP031-2.spass,0,12,7,12,7,960051,0.0,0.0,0.0,0.0,0,26388768
\SYN\SYN582-1.spass,0,15,7,15,7,857414,0.0,0.0,0.0,0.0,0,4268121
\MGT\MGT036+2.spass,1,36,23,36,22,4371943,0.0,0.0,0.027777777777777776,2.287312529005982E-7,0,10718463
\RNG\RNG039-2.spass,0,36,20,36,20,2367757,0.0,0.0,0.0,0.0,0,8903762
\LAT\LAT273-2.spass,0,16,9,16,9,2260383,0.0,0.0,0.0,0.0,0,5305939
\SYN\SYN669-1.spass,0,14,7,14,7,1515870,0.0,0.0,0.0,0.0,0,3324255
\SYN\SYN667-1.spass,0,14,7,14,7,1181904,0.0,0.0,0.0,0.0,0,4296544
\SWV\SWV355-2.spass,0,15,8,15,8,1467315,0.0,0.0,0.0,0.0,0,4088506
\CSR\CSR046+1.spass,0,3,1,3,1,64346,0.0,0.0,0.0,0.0,0,939129
\SEU\SEU163+1.spass,0,5,2,5,2,108163,0.0,0.0,0.0,0.0,0,928865
\SWV\SWV312-2.spass,0,5,2,5,2,300411,0.0,0.0,0.0,0.0,0,2291964
\SET\SET833-2.spass,0,7,3,7,3,170141,0.0,0.0,0.0,0.0,0,1325991
\SWV\SWV310-2.spass,0,5,2,5,2,697932,0.0,0.0,0.0,0.0,0,4534188
\SET\SET846-2.spass,0,9,4,9,4,843597,0.0,0.0,0.0,0.0,0,4137061
\SYN\SYN339-1.spass,0,3,1,3,1,52897,0.0,0.0,0.0,0.0,0,716880
\LCL\LCL429-2.spass,0,17,9,17,9,3692564,0.0,0.0,0.0,0.0,0,17037746
\SWV\SWV011-1.spass,0,5,2,5,2,115664,0.0,0.0,0.0,0.0,0,1087557
\LAT\LAT272-2.spass,0,7,3,7,3,241197,0.0,0.0,0.0,0.0,0,1621270
\LAT\LAT270-2.spass,0,9,4,9,4,314622,0.0,0.0,0.0,0.0,0,1765357
\SYN\SYN666-1.spass,0,14,7,14,7,1524160,0.0,0.0,0.0,0.0,0,3596243
\SYN\SYN679-1.spass,0,14,7,14,7,1166904,0.0,0.0,0.0,0.0,0,3658220
\SYN\SYN664-1.spass,0,14,7,14,7,1166904,0.0,0.0,0.0,0.0,0,3433998
\CSR\CSR058+1.spass,0,5,2,5,2,233697,0.0,0.0,0.0,0.0,0,1018870
\SYN\SYN636-1.spass,0,23,14,23,14,4386943,0.0,0.0,0.0,0.0,0,14260230
\SYN\SYN621-1.spass,0,12,5,12,5,1170063,0.0,0.0,0.0,0.0,0,5820308
\SET\SET830-2.spass,0,23,11,23,11,2091821,0.0,0.0,0.0,0.0,0,7694224
\SYN\SYN336-1.spass,0,3,1,3,1,45002,0.0,0.0,0.0,0.0,0,681746
\SYN\SYN066-1.spass,0,8,4,8,4,219486,0.0,0.0,0.0,0.0,0,2044451
\MGT\MGT036-1.spass,0,26,15,26,15,3533477,0.0,0.0,0.0,0.0,0,12450661
\MGT\MGT006-1.spass,0,45,26,45,26,195868149,0.0,0.0,0.0,0.0,0,919746929
\LCL\LCL440-2.spass,0,3,1,3,1,123954,0.0,0.0,0.0,0.0,0,821886
\SWV\SWV293-2.spass,0,20,11,20,11,2463289,0.0,0.0,0.0,0.0,0,8766386
\SYN\SYN562-1.spass,0,12,6,12,6,1094663,0.0,0.0,0.0,0.0,0,3094901
\COL\COL110-2.spass,0,18,8,18,8,3916392,0.0,0.0,0.0,0.0,0,11569561
\COL\COL123-2.spass,0,19,8,19,8,3164773,0.0,0.0,0.0,0.0,0,15975058
\COM\COM001-1.spass,0,13,6,13,6,562135,0.0,0.0,0.0,0.0,0,3722171
\SEU\SEU158+3.spass,0,9,3,9,3,151192,0.0,0.0,0.0,0.0,0,1602322
\SWV\SWV309-2.spass,0,5,2,5,2,301595,0.0,0.0,0.0,0.0,0,2392627
\ANA\ANA041-2.spass,0,3,1,3,1,57240,0.0,0.0,0.0,0.0,0,631612
\SYN\SYN561-1.spass,0,20,12,20,12,3410707,0.0,0.0,0.0,0.0,0,6441657
\SET\SET828-2.spass,0,7,3,7,3,173694,0.0,0.0,0.0,0.0,0,1526528
\MSC\MSC005-1.spass,0,14,6,14,6,875968,0.0,0.0,0.0,0.0,0,3094111
\MSC\MSC003-1.spass,0,15,7,15,7,827413,0.0,0.0,0.0,0.0,0,3790070
\SYN\SYN006-1.spass,0,13,6,13,6,572793,0.0,0.0,0.0,0.0,0,3333729
\SYN\SYN648-1.spass,0,15,7,15,7,1336650,0.0,0.0,0.0,0.0,0,17845814
\SWV\SWV336-2.spass,0,3,1,3,1,96716,0.0,0.0,0.0,0.0,0,1184274
\SWV\SWV334-2.spass,0,3,1,3,1,59214,0.0,0.0,0.0,0.0,0,716486
\SYN\SYN618-1.spass,0,23,12,23,12,1192168,0.0,0.0,0.0,0.0,0,5366337
\SET\SET827-2.spass,0,7,3,7,3,238828,0.0,0.0,0.0,0.0,0,1541529
\SET\SET009+3.spass,0,25,13,25,13,3463210,0.0,0.0,0.0,0.0,0,12886078
\LCL\LCL437-2.spass,0,5,2,5,2,305938,0.0,0.0,0.0,0.0,0,1685221
\SWV\SWV333-2.spass,0,3,1,3,1,71056,0.0,0.0,0.0,0.0,0,890178
\SET\SET055-6.spass,0,9,3,9,3,307516,0.0,0.0,0.0,0.0,0,1891285
\SYN\SYN589-1.spass,0,7,3,7,3,1356388,0.0,0.0,0.0,0.0,0,5983344
\LCL\LCL435-2.spass,0,5,2,5,2,389231,0.0,0.0,0.0,0.0,0,2317228
\SYN\SYN559-1.spass,0,20,12,20,12,4763937,0.0,0.0,0.0,0.0,0,14157593
\TOP\TOP002-2.spass,0,5,2,5,2,99479,0.0,0.0,0.0,0.0,0,1462183
\SYN\SYN073-1.spass,0,4,2,4,2,327255,0.0,0.0,0.0,0.0,0,1367046
\SWV\SWV273-2.spass,0,11,5,11,5,569636,0.0,0.0,0.0,0.0,0,2604217
\SWV\SWV288-2.spass,0,17,8,17,8,2395390,0.0,0.0,0.0,0.0,0,7104456
\COL\COL105-2.spass,0,5,2,5,2,369889,0.0,0.0,0.0,0.0,0,1697459
\SWV\SWV245-2.spass,0,19,11,19,11,2002606,0.0,0.0,0.0,0.0,0,5939526
\MGT\MGT017-1.spass,1,42,23,41,21,117930727,0.023809523809523808,8.479554272568845E-9,0.047619047619047616,1.695910854513769E-8,0,335743855
\MGT\MGT015-1.spass,1,42,23,41,21,118368514,0.023809523809523808,8.448192565803436E-9,0.047619047619047616,1.6896385131606872E-8,0,338718750
\SYN\SYN670-1.spass,0,14,7,14,7,1198879,0.0,0.0,0.0,0.0,0,3593085
\SWB\SWB012+2.spass,0,41,22,41,22,2760936,0.0,0.0,0.0,0.0,0,128215746
\SYN\SYN586-1.spass,0,14,7,14,7,1693116,0.0,0.0,0.0,0.0,0,3854810
\LCL\LCL432-2.spass,0,5,2,5,2,240407,0.0,0.0,0.0,0.0,0,1632324
\TOP\TOP001-2.spass,0,33,16,33,16,3639666,0.0,0.0,0.0,0.0,0,17788970
\SWV\SWV272-2.spass,0,18,9,18,9,958472,0.0,0.0,0.0,0.0,0,4356942
\GRP\GRP004-1.spass,0,12,7,12,7,2179063,0.0,0.0,0.0,0.0,0,42568704
\COL\COL104-2.spass,0,11,5,11,5,709380,0.0,0.0,0.0,0.0,0,4767490
\SWV\SWV011+1.spass,0,5,2,5,2,181589,0.0,0.0,0.0,0.0,0,1255725
\SEU\SEU167+3.spass,0,11,5,11,5,405416,0.0,0.0,0.0,0.0,0,2952788
\SEU\SEU167+1.spass,0,11,5,11,5,429497,0.0,0.0,0.0,0.0,0,2558425
\SWV\SWV357-2.spass,0,9,4,9,4,308306,0.0,0.0,0.0,0.0,0,2382364
\SWV\SWV329-2.spass,0,20,10,20,10,1663510,0.0,0.0,0.0,0.0,0,6099008
\SWV\SWV314-2.spass,0,13,6,13,6,1202433,0.0,0.0,0.0,0.0,0,5815572
\SYN\SYN581-1.spass,0,18,9,18,9,2148667,0.0,0.0,0.0,0.0,0,4407076
\GEO\GEO002-4.spass,0,23,14,23,14,3799939,0.0,0.0,0.0,0.0,0,24746180
\MGT\MGT036+1.spass,0,34,21,34,21,6106114,0.0,0.0,0.0,0.0,0,17930293
\SWV\SWV358-2.spass,0,15,8,15,8,2912128,0.0,0.0,0.0,0.0,0,7113930
\SWV\SWV356-2.spass,0,7,3,7,3,358440,0.0,0.0,0.0,0.0,0,1605085
\SWV\SWV315-2.spass,0,24,10,24,10,2144325,0.0,0.0,0.0,0.0,0,7869891
\SWV\SWV300-2.spass,0,29,15,29,15,2259594,0.0,0.0,0.0,0.0,0,8694540
\SWV\SWV328-2.spass,1,16,8,17,7,2135245,-0.0625,-4.68330332116455E-7,0.0625,4.68330332116455E-7,1,5833730
\SWV\SWV313-2.spass,0,15,7,15,7,1115980,0.0,0.0,0.0,0.0,0,4615902
\SET\SET819-2.spass,0,3,1,3,1,46582,0.0,0.0,0.0,0.0,0,607137
\SYN\SYN710-1.spass,0,16,7,16,7,1024791,0.0,0.0,0.0,0.0,0,4298912
\SET\SET915+1.spass,0,5,2,5,2,119217,0.0,0.0,0.0,0.0,0,1251776
\CSR\CSR072+1.spass,0,3,1,3,1,78557,0.0,0.0,0.0,0.0,0,598453
\LCL\LCL442-2.spass,0,32,16,32,16,4356942,0.0,0.0,0.0,0.0,0,12489346
\SYN\SYN622-1.spass,0,14,7,14,7,2405654,0.0,0.0,0.0,0.0,0,10907946
\SWV\SWV299-2.spass,0,23,15,23,15,5391207,0.0,0.0,0.0,0.0,0,11552586
\SYN\SYN352-1.spass,0,17,8,17,8,911891,0.0,0.0,0.0,0.0,0,12113142
\ANA\ANA003-4.spass,0,29,12,29,12,4105086,0.0,0.0,0.0,0.0,0,11020847
\SYN\SYN568-1.spass,0,13,6,13,6,1260857,0.0,0.0,0.0,0.0,0,5330019
\SWV\SWV269-2.spass,0,5,2,5,2,175272,0.0,0.0,0.0,0.0,0,1302700
\COL\COL114-2.spass,0,5,2,5,2,229355,0.0,0.0,0.0,0.0,0,1620086
\SYN\SYN065-1.spass,0,7,3,7,3,205669,0.0,0.0,0.0,0.0,0,1451524
\MGT\MGT009-1.spass,0,37,19,37,19,71496554,0.0,0.0,0.0,0.0,0,166711735
\GRP\GRP028-3.spass,0,8,4,8,4,543582,0.0,0.0,0.0,0.0,0,13373604
\LCL\LCL441-2.spass,0,7,4,7,4,1021238,0.0,0.0,0.0,0.0,0,2288411
\COL\COL113-2.spass,0,3,1,3,1,53687,0.0,0.0,0.0,0.0,0,768199
\SWV\SWV266-2.spass,0,5,2,5,2,91189,0.0,0.0,0.0,0.0,0,870046
\COL\COL111-2.spass,0,5,2,5,2,225407,0.0,0.0,0.0,0.0,0,1304280
\SET\SET786-1.spass,0,11,5,11,5,2945288,0.0,0.0,0.0,0.0,0,3214118
\COM\COM002-1.spass,0,19,10,19,10,1643377,0.0,0.0,0.0,0.0,0,5757542
\ANA\ANA042-2.spass,0,3,1,3,1,136587,0.0,0.0,0.0,0.0,0,1332308
\MSC\MSC004-1.spass,0,20,10,20,10,2667773,0.0,0.0,0.0,0.0,0,7833574
\SWV\SWV009-1.spass,0,21,13,21,13,1183879,0.0,0.0,0.0,0.0,0,3613613
\SYN\SYN370+1.spass,0,4,2,4,2,183562,0.0,0.0,0.0,0.0,0,1036239
\SWV\SWV337-2.spass,0,23,13,23,13,1769700,0.0,0.0,0.0,0.0,0,8305309
\SEU\SEU158+1.spass,0,9,3,9,3,139744,0.0,0.0,0.0,0.0,0,1381258
\SWV\SWV335-2.spass,1,18,9,19,8,3122139,-0.05555555555555555,-3.202932348623812E-7,0.05555555555555555,3.202932348623812E-7,1,6147168
\SYN\SYN619-1.spass,0,24,12,24,12,1848256,0.0,0.0,0.0,0.0,0,5276727
\SWV\SWV279-2.spass,0,19,11,19,11,2257226,0.0,0.0,0.0,0.0,0,5576349
\COL\COL109-2.spass,0,14,7,14,7,2563557,0.0,0.0,0.0,0.0,0,6376128
\SYN\SYN034-1.spass,0,11,5,11,5,2844625,0.0,0.0,0.0,0.0,0,3077137
\SYN\SYN676-1.spass,0,14,7,14,7,1195326,0.0,0.0,0.0,0.0,0,3562294
\SYN\SYN661-1.spass,0,14,7,14,7,1421128,0.0,0.0,0.0,0.0,0,3287938
\SYN\SYN674-1.spass,0,14,7,14,7,1834440,0.0,0.0,0.0,0.0,0,3334519
\PUZ\PUZ035-7.spass,0,28,19,28,19,5333967,0.0,0.0,0.0,0.0,0,17970164
\SET\SET055-7.spass,0,6,2,6,2,121585,0.0,0.0,0.0,0.0,0,1050451
\LCL\LCL438-2.spass,0,10,5,10,5,1728644,0.0,0.0,0.0,0.0,0,8336495
\SYN\SYN346-1.spass,0,4,2,4,2,363177,0.0,0.0,0.0,0.0,0,1380073
\SWV\SWV263-2.spass,0,9,4,9,4,225801,0.0,0.0,0.0,0.0,0,2056688
\PUZ\PUZ047+1.spass,0,16,8,16,8,1892469,0.0,0.0,0.0,0.0,0,4092059
\SYN\SYN031-1.spass,1,8,4,8,3,969130,0.0,0.0,0.125,1.031853311733204E-6,0,2949630
\MGT\MGT018-1.spass,1,40,21,40,20,269831150,0.0,0.0,0.025,3.7060213396414757E-9,0,227699048
\MGT\MGT016-1.spass,1,40,21,40,20,174071599,0.0,0.0,0.025,5.74476253303102E-9,0,235694866
\SYN\SYN671-1.spass,0,14,7,14,7,1157430,0.0,0.0,0.0,0.0,0,4425629
\SYN\SYN630-1.spass,0,11,5,11,5,905574,0.0,0.0,0.0,0.0,0,3850467
\CSR\CSR050+1.spass,0,26,14,26,14,1950893,0.0,0.0,0.0,0.0,0,6078480
\PUZ\PUZ035-6.spass,0,9,6,9,6,643060,0.0,0.0,0.0,0.0,0,2890811
\SYN\SYN587-1.spass,0,16,8,16,8,918601,0.0,0.0,0.0,0.0,0,4139825
\COL\COL120-2.spass,0,5,2,5,2,251461,0.0,0.0,0.0,0.0,0,1308227
\SYN\SYN570-1.spass,0,22,11,22,11,1397442,0.0,0.0,0.0,0.0,0,4597349
\SYN\SYN717-1.spass,0,16,8,16,8,1912996,0.0,0.0,0.0,0.0,0,6163353
\PUZ\PUZ047-1.spass,0,16,8,16,8,1744435,0.0,0.0,0.0,0.0,0,4347072
\SET\SET590+3.spass,0,8,3,8,3,318175,0.0,0.0,0.0,0.0,0,2800017
\SYN\SYN082+1.spass,0,9,4,9,4,371073,0.0,0.0,0.0,0.0,0,2702511
\SYN\SYN571-1.spass,0,16,8,16,8,1087163,0.0,0.0,0.0,0.0,0,4655773
\GRP\GRP001+6.spass,0,26,16,26,16,2684748,0.0,0.0,0.0,0.0,0,40214369
\SYN\SYN727-1.spass,0,5,2,5,2,91189,0.0,0.0,0.0,0.0,0,1871942
\SYN\SYN656-1.spass,0,19,10,19,10,1371389,0.0,0.0,0.0,0.0,0,6169669
\CSR\CSR035+1.spass,0,5,2,5,2,101848,0.0,0.0,0.0,0.0,0,962419
\SYN\SYN613-1.spass,0,20,11,20,11,1203617,0.0,0.0,0.0,0.0,0,4237724
\SYN\SYN626-1.spass,0,16,8,16,8,918207,0.0,0.0,0.0,0.0,0,3694933
\TOP\TOP022+1.spass,0,13,6,13,6,580688,0.0,0.0,0.0,0.0,0,3058583
\SET\SET835-2.spass,0,7,3,7,3,170141,0.0,0.0,0.0,0.0,0,1689958
\SWV\SWV258-2.spass,0,11,5,11,5,421601,0.0,0.0,0.0,0.0,0,2419865
\SYN\SYN014-2.spass,0,10,5,10,5,272383,0.0,0.0,0.0,0.0,0,1572320
\SET\SET631+3.spass,0,12,6,12,6,762277,0.0,0.0,0.0,0.0,0,2773173
\SYN\SYN655-1.spass,0,17,9,17,9,2543424,0.0,0.0,0.0,0.0,0,16124276
\SYN\SYN668-1.spass,0,14,7,14,7,1171246,0.0,0.0,0.0,0.0,0,3314781
\SYN\SYN653-1.spass,0,18,9,18,9,3146614,0.0,0.0,0.0,0.0,0,9767097
\SWV\SWV341-2.spass,0,7,3,7,3,175273,0.0,0.0,0.0,0.0,0,1483500
\SYN\SYN340-1.spass,0,3,1,3,1,63556,0.0,0.0,0.0,0.0,0,629638
\TOP\TOP021+1.spass,0,9,4,9,4,384889,0.0,0.0,0.0,0.0,0,2502764
\SET\SET834-2.spass,0,23,11,23,11,2087873,0.0,0.0,0.0,0.0,0,7018398
\SYN\SYN312-1.spass,0,21,13,21,13,2277358,0.0,0.0,0.0,0.0,0,4868153
\COL\COL117-2.spass,0,14,7,14,7,2867521,0.0,0.0,0.0,0.0,0,12629486
\SWV\SWV257-2.spass,0,5,2,5,2,139744,0.0,0.0,0.0,0.0,0,1185853
\SYN\SYN310-1.spass,0,19,13,19,13,1660746,0.0,0.0,0.0,0.0,0,2815807
\SWV\SWV255-2.spass,0,12,6,12,6,1101769,0.0,0.0,0.0,0.0,0,5670696
\SET\SET832-2.spass,0,7,3,7,3,302385,0.0,0.0,0.0,0.0,0,2276568
\SYN\SYN325-1.spass,0,6,3,6,3,490684,0.0,0.0,0.0,0.0,0,2262357
\SWB\SWB024+2.spass,0,24,12,24,12,1852993,0.0,0.0,0.0,0.0,0,7571060
\SYN\SYN680-1.spass,0,14,7,14,7,1649298,0.0,0.0,0.0,0.0,0,3737172
\SYN\SYN596-1.spass,0,13,6,13,6,1278620,0.0,0.0,0.0,0.0,0,3610060
\SYN\SYN594-1.spass,0,23,12,23,12,4790385,0.0,0.0,0.0,0.0,0,10810441
\SYN\SYN079+1.spass,0,7,3,7,3,298437,0.0,0.0,0.0,0.0,0,1790622
\SYN\SYN566-1.spass,0,32,18,32,18,4948684,0.0,0.0,0.0,0.0,0,8887971
\GRP\GRP012+5.spass,0,21,13,21,13,2015239,0.0,0.0,0.0,0.0,0,40875983
\SWV\SWV280-2.spass,0,5,2,5,2,135402,0.0,0.0,0.0,0.0,0,1211907
\SET\SET046-5.spass,0,11,5,11,5,1115980,0.0,0.0,0.0,0.0,0,3353073
\COL\COL112-2.spass,0,5,2,5,2,277909,0.0,0.0,0.0,0.0,0,1377704
\COM\COM002-2.spass,0,21,12,21,12,1541924,0.0,0.0,0.0,0.0,0,5396733
\SET\SET899+1.spass,0,7,3,7,3,159482,0.0,0.0,0.0,0.0,0,1264409
\SYN\SYN593-1.spass,0,13,6,13,6,905969,0.0,0.0,0.0,0.0,0,5373838
\LAT\LAT271-2.spass,0,7,3,7,3,495026,0.0,0.0,0.0,0.0,0,1982868
\SWV\SWV364-2.spass,0,9,4,9,4,336728,0.0,0.0,0.0,0.0,0,3020292
\SWV\SWV323-2.spass,0,37,17,37,17,3525976,0.0,0.0,0.0,0.0,0,14030875
\SET\SET859-2.spass,0,7,3,7,3,275541,0.0,0.0,0.0,0.0,0,1806411
\SWV\SWV321-2.spass,0,24,10,24,10,1341387,0.0,0.0,0.0,0.0,0,7286439
\SET\SET829-2.spass,0,7,3,7,3,163430,0.0,0.0,0.0,0.0,0,1603112
\SWV\SWV239-2.spass,0,12,5,12,5,606743,0.0,0.0,0.0,0.0,0,3482948
\SYN\SYN035-1.spass,0,9,6,9,6,523449,0.0,0.0,0.0,0.0,0,3594664
\SYN\SYN048-1.spass,0,3,1,3,1,52503,0.0,0.0,0.0,0.0,0,782805
\SYN\SYN677-1.spass,0,14,7,14,7,1169272,0.0,0.0,0.0,0.0,0,3544135
\CSR\CSR054+1.spass,0,5,2,5,2,124743,0.0,0.0,0.0,0.0,0,1029133
\SYN\SYN632-1.spass,0,24,13,24,13,3301359,0.0,0.0,0.0,0.0,0,12235123
\LCL\LCL439-2.spass,0,13,6,13,6,1710091,0.0,0.0,0.0,0.0,0,5459105
\SWV\SWV320-2.spass,0,7,3,7,3,298437,0.0,0.0,0.0,0.0,0,2470394
\SYN\SYN604-1.spass,0,26,15,26,15,2939761,0.0,0.0,0.0,0.0,0,10318573
\COL\COL124-2.spass,0,6,2,6,2,370678,0.0,0.0,0.0,0.0,0,5330414
\SWV\SWV264-2.spass,0,5,2,5,2,156324,0.0,0.0,0.0,0.0,0,1661141
\COL\COL122-2.spass,0,5,2,5,2,293699,0.0,0.0,0.0,0.0,0,2007344
\TOP\TOP004-2.spass,0,3,1,3,1,75004,0.0,0.0,0.0,0.0,0,874389
\SWV\SWV277-2.spass,0,9,4,9,4,716090,0.0,0.0,0.0,0.0,0,2783832
\PUZ\PUZ008-3.spass,0,49,31,49,31,12114326,0.0,0.0,0.0,0.0,0,74607641
\MGT\MGT004-1.spass,0,47,29,47,29,45802955,0.0,0.0,0.0,0.0,0,1458399044
\SWB\SWB003+2.spass,0,3,1,3,1,71451,0.0,0.0,0.0,0.0,0,932813
\MGT\MGT002-1.spass,1,31,17,31,16,7335389,0.0,0.0,0.03225806451612903,1.3632542186924238E-7,0,65739012
\SWV\SWV291-2.spass,0,23,11,23,11,2100506,0.0,0.0,0.0,0.0,0,8204251
\PUZ\PUZ035-5.spass,0,9,6,9,6,296464,0.0,0.0,0.0,0.0,0,2221697
\SYN\SYN588-1.spass,0,7,3,7,3,680562,0.0,0.0,0.0,0.0,0,2632245
\SWB\SWB030+2.spass,0,22,12,22,12,1029528,0.0,0.0,0.0,0.0,0,4677485
\MGT\MGT003-1.spass,1,31,17,31,16,7719883,0.0,0.0,0.03225806451612903,1.2953564192617944E-7,0,65708221
\COM\COM011-2.spass,0,27,15,27,15,4135482,0.0,0.0,0.0,0.0,0,9976713
\SWV\SWV305-2.spass,0,30,16,30,16,3901391,0.0,0.0,0.0,0.0,0,11207174
\SET\SET836-2.spass,0,7,3,7,3,184747,0.0,0.0,0.0,0.0,0,2244592
\SYN\SYN654-1.spass,0,17,9,17,9,4552346,0.0,0.0,0.0,0.0,0,16392317
\LCL\LCL433-2.spass,0,15,7,15,7,1285726,0.0,0.0,0.0,0.0,0,7467238
\SET\SET850-2.spass,0,7,3,7,3,566477,0.0,0.0,0.0,0.0,0,3160037
\CAT\CAT007-3.spass,0,7,3,7,3,252645,0.0,0.0,0.0,0.0,0,1867204
\SYN\SYN557-1.spass,0,16,9,16,9,1626797,0.0,0.0,0.0,0.0,0,4450894
\SYN\SYN341-1.spass,0,3,1,3,1,77767,0.0,0.0,0.0,0.0,0,809648
\SWV\SWV286-2.spass,0,16,7,16,7,1703775,0.0,0.0,0.0,0.0,0,7647248
\SYN\SYN354-1.spass,1,14,7,15,6,1517843,-0.07142857142857142,-6.588296681540845E-7,0.07142857142857142,6.588296681540845E-7,1,2908575
\COL\COL118-2.spass,0,9,4,9,4,886626,0.0,0.0,0.0,0.0,0,3892312
\SWV\SWV284-2.spass,0,12,6,12,6,618586,0.0,0.0,0.0,0.0,0,3606902
\COL\COL103-2.spass,0,3,1,3,1,88030,0.0,0.0,0.0,0.0,0,1623244
\SYN\SYN311-1.spass,0,19,13,19,13,4145746,0.0,0.0,0.0,0.0,0,4031266
\SWV\SWV256-2.spass,0,5,2,5,2,135402,0.0,0.0,0.0,0.0,0,1077689
\SYN\SYN082-1.spass,0,15,5,15,5,468183,0.0,0.0,0.0,0.0,0,3960999
\COL\COL116-2.spass,0,3,1,3,1,70267,0.0,0.0,0.0,0.0,0,787542
\SYN\SYN683-1.spass,0,14,7,14,7,1093085,0.0,0.0,0.0,0.0,0,3152140
\SYN\SYN681-1.spass,0,14,7,14,7,1121902,0.0,0.0,0.0,0.0,0,3081479
\SET\SET588+3.spass,0,22,11,22,11,1456262,0.0,0.0,0.0,0.0,0,8264254
\LCL\LCL445-2.spass,0,13,7,13,7,1725092,0.0,0.0,0.0,0.0,0,6008213
\LCL\LCL430-2.spass,0,17,9,17,9,3301754,0.0,0.0,0.0,0.0,0,9520768
\LCL\LCL443-2.spass,0,17,9,17,9,1538766,0.0,0.0,0.0,0.0,0,8261885
\ANA\ANA004-4.spass,0,31,13,31,13,2882916,0.0,0.0,0.0,0.0,0,11131380
\SYN\SYN569-1.spass,0,31,20,31,20,6341389,0.0,0.0,0.0,0.0,0,69893443
\SYN\SYN554-1.spass,0,21,13,21,13,2812649,0.0,0.0,0.0,0.0,0,7918051
\SWV\SWV283-2.spass,0,14,6,14,6,680168,0.0,0.0,0.0,0.0,0,4071137
\COL\COL102-2.spass,0,11,5,11,5,705432,0.0,0.0,0.0,0.0,0,4167458
\SWV\SWV242-2.spass,0,15,8,15,8,1802069,0.0,0.0,0.0,0.0,0,4311544
\COL\COL115-2.spass,0,5,2,5,2,290937,0.0,0.0,0.0,0.0,0,2079584
\SWV\SWV270-2.spass,0,18,9,18,9,979789,0.0,0.0,0.0,0.0,0,4214433
\SWV\SWV240-2.spass,0,12,5,12,5,717275,0.0,0.0,0.0,0.0,0,3195959
\SEU\SEU264+1.spass,0,12,6,12,6,476867,0.0,0.0,0.0,0.0,0,2269462
\SEU\SEU163+3.spass,0,5,2,5,2,138165,0.0,0.0,0.0,0.0,0,943471
\SET\SET818-2.spass,0,3,1,3,1,57240,0.0,0.0,0.0,0.0,0,620559
\RNG\RNG038-2.spass,0,12,6,12,6,830570,0.0,0.0,0.0,0.0,0,2405259
\SYN\SYN338-1.spass,0,3,1,3,1,67899,0.0,0.0,0.0,0.0,0,532923
